,locationId,dateTime,temperature
0,23,2023-05-01T00:00:00,10.41
1,23,2023-05-01T01:00:00,9.99
2,23,2023-05-01T02:00:00,9.82
3,23,2023-05-01T03:00:00,9.5
4,23,2023-05-01T04:00:00,9.23
5,23,2023-05-01T05:00:00,8.8
6,23,2023-05-01T06:00:00,9.06
7,23,2023-05-01T07:00:00,9.95
8,23,2023-05-01T08:00:00,11.06
9,23,2023-05-01T09:00:00,12.56
10,23,2023-05-01T10:00:00,13.6
11,23,2023-05-01T11:00:00,14.52
12,23,2023-05-01T12:00:00,13.99
13,23,2023-05-01T13:00:00,14.15
14,23,2023-05-01T14:00:00,14.46
15,23,2023-05-01T15:00:00,12.99
16,23,2023-05-01T16:00:00,11.95
17,23,2023-05-01T17:00:00,12.6
18,23,2023-05-01T18:00:00,11.96
19,23,2023-05-01T19:00:00,10.73
20,23,2023-05-01T20:00:00,9.96
21,23,2023-05-01T21:00:00,9.44
22,23,2023-05-01T22:00:00,8.85
23,23,2023-05-01T23:00:00,8.05
24,23,2023-05-02T00:00:00,7.85
25,23,2023-05-02T01:00:00,8.23
26,23,2023-05-02T02:00:00,8.27
27,23,2023-05-02T03:00:00,8.07
28,23,2023-05-02T04:00:00,7.95
29,23,2023-05-02T05:00:00,7.84
30,23,2023-05-02T06:00:00,7.99
31,23,2023-05-02T07:00:00,8.16
32,23,2023-05-02T08:00:00,8.13
33,23,2023-05-02T09:00:00,8.65
34,23,2023-05-02T10:00:00,9.36
35,23,2023-05-02T11:00:00,9.96
36,23,2023-05-02T12:00:00,11.04
37,23,2023-05-02T13:00:00,11.42
38,23,2023-05-02T14:00:00,11.67
39,23,2023-05-02T15:00:00,11.87
40,23,2023-05-02T16:00:00,12.08
41,23,2023-05-02T17:00:00,11.55
42,23,2023-05-02T18:00:00,10.93
43,23,2023-05-02T19:00:00,9.19
44,23,2023-05-02T20:00:00,7.12
45,23,2023-05-02T21:00:00,5.7
46,23,2023-05-02T22:00:00,5.78
47,23,2023-05-02T23:00:00,5.4
48,23,2023-05-03T00:00:00,4.64
49,23,2023-05-03T01:00:00,3.96
50,23,2023-05-03T02:00:00,3.35
51,23,2023-05-03T03:00:00,2.8
52,23,2023-05-03T04:00:00,2.55
53,23,2023-05-03T05:00:00,2.27
54,23,2023-05-03T06:00:00,3.42
55,23,2023-05-03T07:00:00,5.88
56,23,2023-05-03T08:00:00,7.96
57,23,2023-05-03T09:00:00,9.47
58,23,2023-05-03T10:00:00,10.98
59,23,2023-05-03T11:00:00,12.48
60,23,2023-05-03T12:00:00,13.74
61,23,2023-05-03T13:00:00,14.56
62,23,2023-05-03T14:00:00,15.36
63,23,2023-05-03T15:00:00,15.61
64,23,2023-05-03T16:00:00,15.68
65,23,2023-05-03T17:00:00,15.19
66,23,2023-05-03T18:00:00,14.41
67,23,2023-05-03T19:00:00,12.58
68,23,2023-05-03T20:00:00,11.2
69,23,2023-05-03T21:00:00,10.75
70,23,2023-05-03T22:00:00,10.63
71,23,2023-05-03T23:00:00,10.15
72,23,2023-05-04T00:00:00,9.75
73,23,2023-05-04T01:00:00,9.3
74,23,2023-05-04T02:00:00,8.78
75,23,2023-05-04T03:00:00,8.4
76,23,2023-05-04T04:00:00,8.32
77,23,2023-05-04T05:00:00,8.21
78,23,2023-05-04T06:00:00,9.54
79,23,2023-05-04T07:00:00,11.54
80,23,2023-05-04T08:00:00,13.79
81,23,2023-05-04T09:00:00,16.04
82,23,2023-05-04T10:00:00,17.55
83,23,2023-05-04T11:00:00,18.91
84,23,2023-05-04T12:00:00,20.15
85,23,2023-05-04T13:00:00,21.09
86,23,2023-05-04T14:00:00,21.68
87,23,2023-05-04T15:00:00,22.2
88,23,2023-05-04T16:00:00,22.05
89,23,2023-05-04T17:00:00,21.38
90,23,2023-05-04T18:00:00,20.52
91,23,2023-05-04T19:00:00,18.81
92,23,2023-05-04T20:00:00,17.04
93,23,2023-05-04T21:00:00,16.03
94,23,2023-05-04T22:00:00,15.26
95,23,2023-05-04T23:00:00,14.43
96,23,2023-05-05T00:00:00,13.84
97,23,2023-05-05T01:00:00,13.3
98,23,2023-05-05T02:00:00,13.45
99,23,2023-05-05T03:00:00,12.46
100,23,2023-05-05T04:00:00,11.11
101,23,2023-05-05T05:00:00,9.95
102,23,2023-05-05T06:00:00,11.26
103,23,2023-05-05T07:00:00,13.16
104,23,2023-05-05T08:00:00,14.98
105,23,2023-05-05T09:00:00,15.78
106,23,2023-05-05T10:00:00,14.98
107,23,2023-05-05T11:00:00,14.49
108,23,2023-05-05T12:00:00,15.13
109,23,2023-05-05T13:00:00,15.18
110,23,2023-05-05T14:00:00,15.46
111,23,2023-05-05T15:00:00,15.28
112,23,2023-05-05T16:00:00,14.64
113,23,2023-05-05T17:00:00,14.66
114,23,2023-05-05T18:00:00,13.76
115,23,2023-05-05T19:00:00,12.84
116,23,2023-05-05T20:00:00,11.34
117,23,2023-05-05T21:00:00,10.64
118,23,2023-05-05T22:00:00,9.87
119,23,2023-05-05T23:00:00,9.6
120,23,2023-05-06T00:00:00,9.22
121,23,2023-05-06T01:00:00,8.49
122,23,2023-05-06T02:00:00,7.79
123,23,2023-05-06T03:00:00,7.43
124,23,2023-05-06T04:00:00,7.16
125,23,2023-05-06T05:00:00,7.32
126,23,2023-05-06T06:00:00,9.48
127,23,2023-05-06T07:00:00,11.94
128,23,2023-05-06T08:00:00,13.92
129,23,2023-05-06T09:00:00,15.31
130,23,2023-05-06T10:00:00,16.21
131,23,2023-05-06T11:00:00,17.33
132,23,2023-05-06T12:00:00,16.6
133,23,2023-05-06T13:00:00,16.65
134,23,2023-05-06T14:00:00,16.56
135,23,2023-05-06T15:00:00,16.88
136,23,2023-05-06T16:00:00,16.22
137,23,2023-05-06T17:00:00,15.75
138,23,2023-05-06T18:00:00,15.74
139,23,2023-05-06T19:00:00,14.8
140,23,2023-05-06T20:00:00,13.96
141,23,2023-05-06T21:00:00,13.43
142,23,2023-05-06T22:00:00,12.79
143,23,2023-05-06T23:00:00,12.05
144,23,2023-05-07T00:00:00,11.75
145,23,2023-05-07T01:00:00,11.63
146,23,2023-05-07T02:00:00,11.32
147,23,2023-05-07T03:00:00,11.49
148,23,2023-05-07T04:00:00,11.53
149,23,2023-05-07T05:00:00,11.5
150,23,2023-05-07T06:00:00,12.56
151,23,2023-05-07T07:00:00,14.04
152,23,2023-05-07T08:00:00,15.39
153,23,2023-05-07T09:00:00,16.16
154,23,2023-05-07T10:00:00,16.86
155,23,2023-05-07T11:00:00,17.06
156,23,2023-05-07T12:00:00,16.58
157,23,2023-05-07T13:00:00,15.94
158,23,2023-05-07T14:00:00,15.89
159,23,2023-05-07T15:00:00,15.83
160,23,2023-05-07T16:00:00,15.66
161,23,2023-05-07T17:00:00,15.25
162,23,2023-05-07T18:00:00,14.87
163,23,2023-05-07T19:00:00,14.52
164,23,2023-05-07T20:00:00,13.97
165,23,2023-05-07T21:00:00,13.67
166,23,2023-05-07T22:00:00,13.43
167,23,2023-05-07T23:00:00,13.29
168,23,2023-05-08T00:00:00,12.84
169,23,2023-05-08T01:00:00,12.52
170,23,2023-05-08T02:00:00,12.37
171,23,2023-05-08T03:00:00,12.35
172,23,2023-05-08T04:00:00,12.05
173,23,2023-05-08T05:00:00,11.9
174,23,2023-05-08T06:00:00,12.48
175,23,2023-05-08T07:00:00,12.97
176,23,2023-05-08T08:00:00,13.23
177,23,2023-05-08T09:00:00,14.19
178,23,2023-05-08T10:00:00,15.1
179,23,2023-05-08T11:00:00,16.07
180,23,2023-05-08T12:00:00,17.1
181,23,2023-05-08T13:00:00,17.85
182,23,2023-05-08T14:00:00,18.54
183,23,2023-05-08T15:00:00,17.79
184,23,2023-05-08T16:00:00,17.38
185,23,2023-05-08T17:00:00,17.23
186,23,2023-05-08T18:00:00,16.66
187,23,2023-05-08T19:00:00,15.49
188,23,2023-05-08T20:00:00,14.63
189,23,2023-05-08T21:00:00,13.91
190,23,2023-05-08T22:00:00,13.45
191,23,2023-05-08T23:00:00,13.14
192,23,2023-05-09T00:00:00,12.64
193,23,2023-05-09T01:00:00,12.47
194,23,2023-05-09T02:00:00,12.3
195,23,2023-05-09T03:00:00,12.06
196,23,2023-05-09T04:00:00,11.94
197,23,2023-05-09T05:00:00,11.8
198,23,2023-05-09T06:00:00,12.08
199,23,2023-05-09T07:00:00,12.92
200,23,2023-05-09T08:00:00,13.52
201,23,2023-05-09T09:00:00,13.62
202,23,2023-05-09T10:00:00,13.69
203,23,2023-05-09T11:00:00,13.45
204,23,2023-05-09T12:00:00,13.05
205,23,2023-05-09T13:00:00,12.93
206,23,2023-05-09T14:00:00,12.73
207,23,2023-05-09T15:00:00,12.37
208,23,2023-05-09T16:00:00,11.84
209,23,2023-05-09T17:00:00,11.28
210,23,2023-05-09T18:00:00,10.77
211,23,2023-05-09T19:00:00,10.62
212,23,2023-05-09T20:00:00,10.62
213,23,2023-05-09T21:00:00,10.75
214,23,2023-05-09T22:00:00,10.82
215,23,2023-05-09T23:00:00,10.84
216,23,2023-05-10T00:00:00,10.78
217,23,2023-05-10T01:00:00,10.55
218,23,2023-05-10T02:00:00,10.5
219,23,2023-05-10T03:00:00,10.36
220,23,2023-05-10T04:00:00,10.16
221,23,2023-05-10T05:00:00,10.06
222,23,2023-05-10T06:00:00,10.14
223,23,2023-05-10T07:00:00,9.97
224,23,2023-05-10T08:00:00,9.84
225,23,2023-05-10T09:00:00,9.71
226,23,2023-05-10T10:00:00,10.08
227,23,2023-05-10T11:00:00,10.63
228,23,2023-05-10T12:00:00,11.07
229,23,2023-05-10T13:00:00,11.5
230,23,2023-05-10T14:00:00,12.05
231,23,2023-05-10T15:00:00,12.26
232,23,2023-05-10T16:00:00,12.68
233,23,2023-05-10T17:00:00,12.71
234,23,2023-05-10T18:00:00,11.63
235,23,2023-05-10T19:00:00,10.51
236,23,2023-05-10T20:00:00,9.81
237,23,2023-05-10T21:00:00,9.42
238,23,2023-05-10T22:00:00,9.08
239,23,2023-05-10T23:00:00,8.9
240,23,2023-05-11T00:00:00,8.75
241,23,2023-05-11T01:00:00,8.75
242,23,2023-05-11T02:00:00,8.81
243,23,2023-05-11T03:00:00,8.66
244,23,2023-05-11T04:00:00,8.49
245,23,2023-05-11T05:00:00,8.5
246,23,2023-05-11T06:00:00,8.96
247,23,2023-05-11T07:00:00,9.35
248,23,2023-05-11T08:00:00,9.56
249,23,2023-05-11T09:00:00,9.85
250,23,2023-05-11T10:00:00,10.39
251,23,2023-05-11T11:00:00,11.06
252,23,2023-05-11T12:00:00,11.72
253,23,2023-05-11T13:00:00,12.71
254,23,2023-05-11T14:00:00,13.36
255,23,2023-05-11T15:00:00,13.8
256,23,2023-05-11T16:00:00,14.06
257,23,2023-05-11T17:00:00,13.45
258,23,2023-05-11T18:00:00,12.67
259,23,2023-05-11T19:00:00,11.83
260,23,2023-05-11T20:00:00,10.9
261,23,2023-05-11T21:00:00,10.46
262,23,2023-05-11T22:00:00,10.15
263,23,2023-05-11T23:00:00,9.93
264,23,2023-05-12T00:00:00,9.93
265,23,2023-05-12T01:00:00,10.05
266,23,2023-05-12T02:00:00,10.04
267,23,2023-05-12T03:00:00,9.99
268,23,2023-05-12T04:00:00,9.88
269,23,2023-05-12T05:00:00,9.72
270,23,2023-05-12T06:00:00,9.96
271,23,2023-05-12T07:00:00,10.29
272,23,2023-05-12T08:00:00,10.65
273,23,2023-05-12T09:00:00,11.43
274,23,2023-05-12T10:00:00,12.2
275,23,2023-05-12T11:00:00,12.5
276,23,2023-05-12T12:00:00,13.39
277,23,2023-05-12T13:00:00,14.68
278,23,2023-05-12T14:00:00,14.38
279,23,2023-05-12T15:00:00,14.18
280,23,2023-05-12T16:00:00,13.79
281,23,2023-05-12T17:00:00,14.74
282,23,2023-05-12T18:00:00,14.31
283,23,2023-05-12T19:00:00,13.92
284,23,2023-05-12T20:00:00,13.1
285,23,2023-05-12T21:00:00,11.97
286,23,2023-05-12T22:00:00,10.83
287,23,2023-05-12T23:00:00,9.84
288,23,2023-05-13T00:00:00,9.49
289,23,2023-05-13T01:00:00,8.7
290,23,2023-05-13T02:00:00,8.52
291,23,2023-05-13T03:00:00,8.25
292,23,2023-05-13T04:00:00,7.95
293,23,2023-05-13T05:00:00,7.74
294,23,2023-05-13T06:00:00,9.45
295,23,2023-05-13T07:00:00,12.6
296,23,2023-05-13T08:00:00,14.63
297,23,2023-05-13T09:00:00,16.07
298,23,2023-05-13T10:00:00,17.23
299,23,2023-05-13T11:00:00,18.24
300,23,2023-05-13T12:00:00,18.99
301,23,2023-05-13T13:00:00,18.4
302,23,2023-05-13T14:00:00,16.19
303,23,2023-05-13T15:00:00,15.49
304,23,2023-05-13T16:00:00,15.38
305,23,2023-05-13T17:00:00,15.28
306,23,2023-05-13T18:00:00,15.61
307,23,2023-05-13T19:00:00,14.38
308,23,2023-05-13T20:00:00,12.46
309,23,2023-05-13T21:00:00,11.05
310,23,2023-05-13T22:00:00,10.7
311,23,2023-05-13T23:00:00,9.93
312,23,2023-05-14T00:00:00,9.24
313,23,2023-05-14T01:00:00,8.45
314,23,2023-05-14T02:00:00,7.9
315,23,2023-05-14T03:00:00,7.26
316,23,2023-05-14T04:00:00,7.01
317,23,2023-05-14T05:00:00,7.33
318,23,2023-05-14T06:00:00,9.17
319,23,2023-05-14T07:00:00,11.82
320,23,2023-05-14T08:00:00,13.26
321,23,2023-05-14T09:00:00,14.43
322,23,2023-05-14T10:00:00,14.56
323,23,2023-05-14T11:00:00,15.13
324,23,2023-05-14T12:00:00,16.46
325,23,2023-05-14T13:00:00,17.18
326,23,2023-05-14T14:00:00,17.49
327,23,2023-05-14T15:00:00,17.67
328,23,2023-05-14T16:00:00,17.16
329,23,2023-05-14T17:00:00,16.43
330,23,2023-05-14T18:00:00,15.51
331,23,2023-05-14T19:00:00,14.55
332,23,2023-05-14T20:00:00,12.68
333,23,2023-05-14T21:00:00,11.91
334,23,2023-05-14T22:00:00,11.7
335,23,2023-05-14T23:00:00,11.49
336,23,2023-05-15T00:00:00,11.04
337,23,2023-05-15T01:00:00,10.48
338,23,2023-05-15T02:00:00,9.93
339,23,2023-05-15T03:00:00,9.39
340,23,2023-05-15T04:00:00,8.95
341,23,2023-05-15T05:00:00,8.94
342,23,2023-05-15T06:00:00,8.86
343,23,2023-05-15T07:00:00,8.93
344,23,2023-05-15T08:00:00,9.71
345,23,2023-05-15T09:00:00,11.63
346,23,2023-05-15T10:00:00,13.42
347,23,2023-05-15T11:00:00,14.94
348,23,2023-05-15T12:00:00,15.34
349,23,2023-05-15T13:00:00,15.52
350,23,2023-05-15T14:00:00,15.03
351,23,2023-05-15T15:00:00,13.97
352,23,2023-05-15T16:00:00,12.17
353,23,2023-05-15T17:00:00,10.82
354,23,2023-05-15T18:00:00,9.88
355,23,2023-05-15T19:00:00,9.12
356,23,2023-05-15T20:00:00,8.64
357,23,2023-05-15T21:00:00,8.16
358,23,2023-05-15T22:00:00,7.87
359,23,2023-05-15T23:00:00,7.37
360,23,2023-05-16T00:00:00,7.08
361,23,2023-05-16T01:00:00,6.9
362,23,2023-05-16T02:00:00,6.39
363,23,2023-05-16T03:00:00,5.92
364,23,2023-05-16T04:00:00,5.37
365,23,2023-05-16T05:00:00,4.92
366,23,2023-05-16T06:00:00,5.02
367,23,2023-05-16T07:00:00,5.86
368,23,2023-05-16T08:00:00,6.79
369,23,2023-05-16T09:00:00,7.85
370,23,2023-05-16T10:00:00,8.93
371,23,2023-05-16T11:00:00,9.85
372,23,2023-05-16T12:00:00,10.39
373,23,2023-05-16T13:00:00,11.38
374,23,2023-05-16T14:00:00,11.45
375,23,2023-05-16T15:00:00,11.46
376,23,2023-05-16T16:00:00,10.89
377,23,2023-05-16T17:00:00,10.9
378,23,2023-05-16T18:00:00,10.22
379,23,2023-05-16T19:00:00,9.73
380,23,2023-05-16T20:00:00,9.14
381,23,2023-05-16T21:00:00,8.5
382,23,2023-05-16T22:00:00,7.68
383,23,2023-05-16T23:00:00,6.89
384,23,2023-05-17T00:00:00,6.0
385,23,2023-05-17T01:00:00,5.39
386,23,2023-05-17T02:00:00,4.97
387,23,2023-05-17T03:00:00,4.71
388,23,2023-05-17T04:00:00,4.46
389,23,2023-05-17T05:00:00,4.64
390,23,2023-05-17T06:00:00,5.37
391,23,2023-05-17T07:00:00,6.48
392,23,2023-05-17T08:00:00,7.8
393,23,2023-05-17T09:00:00,9.46
394,23,2023-05-17T10:00:00,10.73
395,23,2023-05-17T11:00:00,11.28
396,23,2023-05-17T12:00:00,12.05
397,23,2023-05-17T13:00:00,12.74
398,23,2023-05-17T14:00:00,12.99
399,23,2023-05-17T15:00:00,13.21
400,23,2023-05-17T16:00:00,13.37
401,23,2023-05-17T17:00:00,12.91
402,23,2023-05-17T18:00:00,12.19
403,23,2023-05-17T19:00:00,10.75
404,23,2023-05-17T20:00:00,8.66
405,23,2023-05-17T21:00:00,7.23
406,23,2023-05-17T22:00:00,6.19
407,23,2023-05-17T23:00:00,5.31
408,23,2023-05-18T00:00:00,4.73
409,23,2023-05-18T01:00:00,4.89
410,23,2023-05-18T02:00:00,4.58
411,23,2023-05-18T03:00:00,4.32
412,23,2023-05-18T04:00:00,3.82
413,23,2023-05-18T05:00:00,4.13
414,23,2023-05-18T06:00:00,5.59
415,23,2023-05-18T07:00:00,7.41
416,23,2023-05-18T08:00:00,9.13
417,23,2023-05-18T09:00:00,10.61
418,23,2023-05-18T10:00:00,11.56
419,23,2023-05-18T11:00:00,12.32
420,23,2023-05-18T12:00:00,12.99
421,23,2023-05-18T13:00:00,13.62
422,23,2023-05-18T14:00:00,13.84
423,23,2023-05-18T15:00:00,13.91
424,23,2023-05-18T16:00:00,13.99
425,23,2023-05-18T17:00:00,13.73
426,23,2023-05-18T18:00:00,13.1
427,23,2023-05-18T19:00:00,11.82
428,23,2023-05-18T20:00:00,9.98
429,23,2023-05-18T21:00:00,8.95
430,23,2023-05-18T22:00:00,8.14
431,23,2023-05-18T23:00:00,7.22
432,23,2023-05-19T00:00:00,6.89
433,23,2023-05-19T01:00:00,6.86
434,23,2023-05-19T02:00:00,6.34
435,23,2023-05-19T03:00:00,5.88
436,23,2023-05-19T04:00:00,5.05
437,23,2023-05-19T05:00:00,5.3
438,23,2023-05-19T06:00:00,7.46
439,23,2023-05-19T07:00:00,9.68
440,23,2023-05-19T08:00:00,11.71
441,23,2023-05-19T09:00:00,13.23
442,23,2023-05-19T10:00:00,14.18
443,23,2023-05-19T11:00:00,15.09
444,23,2023-05-19T12:00:00,15.79
445,23,2023-05-19T13:00:00,16.23
446,23,2023-05-19T14:00:00,16.61
447,23,2023-05-19T15:00:00,16.82
448,23,2023-05-19T16:00:00,16.92
449,23,2023-05-19T17:00:00,16.42
450,23,2023-05-19T18:00:00,16.03
451,23,2023-05-19T19:00:00,14.92
452,23,2023-05-19T20:00:00,13.28
453,23,2023-05-19T21:00:00,12.39
454,23,2023-05-19T22:00:00,11.59
455,23,2023-05-19T23:00:00,11.19
456,23,2023-05-20T00:00:00,10.72
457,23,2023-05-20T01:00:00,10.09
458,23,2023-05-20T02:00:00,9.63
459,23,2023-05-20T03:00:00,9.15
460,23,2023-05-20T04:00:00,8.6
461,23,2023-05-20T05:00:00,8.53
462,23,2023-05-20T06:00:00,9.57
463,23,2023-05-20T07:00:00,11.42
464,23,2023-05-20T08:00:00,13.08
465,23,2023-05-20T09:00:00,14.44
466,23,2023-05-20T10:00:00,15.44
467,23,2023-05-20T11:00:00,15.97
468,23,2023-05-20T12:00:00,16.53
469,23,2023-05-20T13:00:00,17.14
470,23,2023-05-20T14:00:00,17.46
471,23,2023-05-20T15:00:00,17.12
472,23,2023-05-20T16:00:00,16.95
473,23,2023-05-20T17:00:00,16.42
474,23,2023-05-20T18:00:00,15.89
475,23,2023-05-20T19:00:00,14.79
476,23,2023-05-20T20:00:00,13.66
477,23,2023-05-20T21:00:00,12.79
478,23,2023-05-20T22:00:00,11.95
479,23,2023-05-20T23:00:00,11.36
480,23,2023-05-21T00:00:00,11.04
481,23,2023-05-21T01:00:00,10.77
482,23,2023-05-21T02:00:00,10.5
483,23,2023-05-21T03:00:00,10.41
484,23,2023-05-21T04:00:00,10.17
485,23,2023-05-21T05:00:00,9.99
486,23,2023-05-21T06:00:00,10.89
487,23,2023-05-21T07:00:00,12.14
488,23,2023-05-21T08:00:00,14.09
489,23,2023-05-21T09:00:00,15.18
490,23,2023-05-21T10:00:00,16.3
491,23,2023-05-21T11:00:00,17.86
492,23,2023-05-21T12:00:00,18.97
493,23,2023-05-21T13:00:00,19.82
494,23,2023-05-21T14:00:00,20.59
495,23,2023-05-21T15:00:00,20.69
496,23,2023-05-21T16:00:00,20.55
497,23,2023-05-21T17:00:00,20.01
498,23,2023-05-21T18:00:00,19.12
499,23,2023-05-21T19:00:00,18.21
500,23,2023-05-21T20:00:00,16.7
501,23,2023-05-21T21:00:00,15.59
502,23,2023-05-21T22:00:00,15.29
503,23,2023-05-21T23:00:00,14.98
504,23,2023-05-22T00:00:00,14.47
505,23,2023-05-22T01:00:00,13.85
506,23,2023-05-22T02:00:00,13.28
507,23,2023-05-22T03:00:00,12.57
508,23,2023-05-22T04:00:00,12.15
509,23,2023-05-22T05:00:00,12.11
510,23,2023-05-22T06:00:00,12.58
511,23,2023-05-22T07:00:00,12.85
512,23,2023-05-22T08:00:00,13.25
513,23,2023-05-22T09:00:00,14.26
514,23,2023-05-22T10:00:00,14.75
515,23,2023-05-22T11:00:00,15.12
516,23,2023-05-22T12:00:00,16.05
517,23,2023-05-22T13:00:00,17.02
518,23,2023-05-22T14:00:00,17.81
519,23,2023-05-22T15:00:00,18.0
520,23,2023-05-22T16:00:00,17.52
521,23,2023-05-22T17:00:00,16.54
522,23,2023-05-22T18:00:00,15.92
523,23,2023-05-22T19:00:00,15.23
524,23,2023-05-22T20:00:00,14.67
525,23,2023-05-22T21:00:00,14.15
526,23,2023-05-22T22:00:00,13.64
527,23,2023-05-22T23:00:00,13.15
528,23,2023-05-23T00:00:00,13.1
529,23,2023-05-23T01:00:00,12.47
530,23,2023-05-23T02:00:00,12.13
531,23,2023-05-23T03:00:00,11.63
532,23,2023-05-23T04:00:00,11.27
533,23,2023-05-23T05:00:00,11.12
534,23,2023-05-23T06:00:00,11.07
535,23,2023-05-23T07:00:00,11.25
536,23,2023-05-23T08:00:00,11.17
537,23,2023-05-23T09:00:00,11.02
538,23,2023-05-23T10:00:00,11.32
539,23,2023-05-23T11:00:00,11.76
540,23,2023-05-23T12:00:00,11.71
541,23,2023-05-23T13:00:00,12.11
542,23,2023-05-23T14:00:00,12.6
543,23,2023-05-23T15:00:00,13.4
544,23,2023-05-23T16:00:00,13.49
545,23,2023-05-23T17:00:00,13.42
546,23,2023-05-23T18:00:00,12.87
547,23,2023-05-23T19:00:00,11.91
548,23,2023-05-23T20:00:00,10.17
549,23,2023-05-23T21:00:00,8.91
550,23,2023-05-23T22:00:00,7.92
551,23,2023-05-23T23:00:00,6.93
552,23,2023-05-24T00:00:00,5.99
553,23,2023-05-24T01:00:00,5.07
554,23,2023-05-24T02:00:00,4.08
555,23,2023-05-24T03:00:00,3.4
556,23,2023-05-24T04:00:00,2.84
557,23,2023-05-24T05:00:00,3.29
558,23,2023-05-24T06:00:00,5.29
559,23,2023-05-24T07:00:00,7.27
560,23,2023-05-24T08:00:00,9.03
561,23,2023-05-24T09:00:00,10.54
562,23,2023-05-24T10:00:00,11.45
563,23,2023-05-24T11:00:00,12.35
564,23,2023-05-24T12:00:00,12.78
565,23,2023-05-24T13:00:00,12.5
566,23,2023-05-24T14:00:00,12.47
567,23,2023-05-24T15:00:00,12.54
568,23,2023-05-24T16:00:00,12.41
569,23,2023-05-24T17:00:00,12.33
570,23,2023-05-24T18:00:00,11.98
571,23,2023-05-24T19:00:00,11.39
572,23,2023-05-24T20:00:00,10.09
573,23,2023-05-24T21:00:00,9.06
574,23,2023-05-24T22:00:00,8.48
575,23,2023-05-24T23:00:00,7.9
576,23,2023-05-25T00:00:00,7.48
577,23,2023-05-25T01:00:00,7.24
578,23,2023-05-25T02:00:00,6.69
579,23,2023-05-25T03:00:00,6.34
580,23,2023-05-25T04:00:00,5.82
581,23,2023-05-25T05:00:00,6.22
582,23,2023-05-25T06:00:00,7.85
583,23,2023-05-25T07:00:00,9.54
584,23,2023-05-25T08:00:00,11.4
585,23,2023-05-25T09:00:00,13.0
586,23,2023-05-25T10:00:00,14.16
587,23,2023-05-25T11:00:00,15.0
588,23,2023-05-25T12:00:00,15.57
589,23,2023-05-25T13:00:00,16.11
590,23,2023-05-25T14:00:00,16.33
591,23,2023-05-25T15:00:00,16.28
592,23,2023-05-25T16:00:00,16.08
593,23,2023-05-25T17:00:00,15.65
594,23,2023-05-25T18:00:00,14.78
595,23,2023-05-25T19:00:00,13.58
596,23,2023-05-25T20:00:00,11.95
597,23,2023-05-25T21:00:00,10.83
598,23,2023-05-25T22:00:00,10.24
599,23,2023-05-25T23:00:00,9.76
600,23,2023-05-26T00:00:00,9.28
601,23,2023-05-26T01:00:00,8.75
602,23,2023-05-26T02:00:00,8.07
603,23,2023-05-26T03:00:00,7.36
604,23,2023-05-26T04:00:00,6.74
605,23,2023-05-26T05:00:00,6.5
606,23,2023-05-26T06:00:00,7.23
607,23,2023-05-26T07:00:00,8.56
608,23,2023-05-26T08:00:00,10.37
609,23,2023-05-26T09:00:00,12.02
610,23,2023-05-26T10:00:00,12.86
611,23,2023-05-26T11:00:00,13.88
612,23,2023-05-26T12:00:00,15.03
613,23,2023-05-26T13:00:00,15.73
614,23,2023-05-26T14:00:00,16.36
615,23,2023-05-26T15:00:00,16.74
616,23,2023-05-26T16:00:00,16.86
617,23,2023-05-26T17:00:00,16.44
618,23,2023-05-26T18:00:00,15.72
619,23,2023-05-26T19:00:00,14.4
620,23,2023-05-26T20:00:00,12.6
621,23,2023-05-26T21:00:00,11.33
622,23,2023-05-26T22:00:00,10.47
623,23,2023-05-26T23:00:00,9.83
624,23,2023-05-27T00:00:00,9.13
625,23,2023-05-27T01:00:00,8.44
626,23,2023-05-27T02:00:00,7.7
627,23,2023-05-27T03:00:00,7.23
628,23,2023-05-27T04:00:00,6.9
629,23,2023-05-27T05:00:00,6.85
630,23,2023-05-27T06:00:00,8.24
631,23,2023-05-27T07:00:00,10.45
632,23,2023-05-27T08:00:00,12.69
633,23,2023-05-27T09:00:00,14.99
634,23,2023-05-27T10:00:00,16.83
635,23,2023-05-27T11:00:00,18.26
636,23,2023-05-27T12:00:00,19.39
637,23,2023-05-27T13:00:00,20.0
638,23,2023-05-27T14:00:00,20.64
639,23,2023-05-27T15:00:00,21.04
640,23,2023-05-27T16:00:00,21.09
641,23,2023-05-27T17:00:00,20.55
642,23,2023-05-27T18:00:00,19.72
643,23,2023-05-27T19:00:00,18.26
644,23,2023-05-27T20:00:00,15.62
645,23,2023-05-27T21:00:00,13.91
646,23,2023-05-27T22:00:00,13.26
647,23,2023-05-27T23:00:00,12.82
648,23,2023-05-28T00:00:00,11.4
649,23,2023-05-28T01:00:00,10.29
650,23,2023-05-28T02:00:00,9.82
651,23,2023-05-28T03:00:00,9.37
652,23,2023-05-28T04:00:00,8.77
653,23,2023-05-28T05:00:00,8.64
654,23,2023-05-28T06:00:00,11.39
655,23,2023-05-28T07:00:00,15.03
656,23,2023-05-28T08:00:00,16.96
657,23,2023-05-28T09:00:00,18.46
658,23,2023-05-28T10:00:00,19.55
659,23,2023-05-28T11:00:00,20.45
660,23,2023-05-28T12:00:00,21.34
661,23,2023-05-28T13:00:00,21.93
662,23,2023-05-28T14:00:00,22.13
663,23,2023-05-28T15:00:00,21.7
664,23,2023-05-28T16:00:00,21.33
665,23,2023-05-28T17:00:00,20.66
666,23,2023-05-28T18:00:00,19.47
667,23,2023-05-28T19:00:00,18.33
668,23,2023-05-28T20:00:00,16.79
669,23,2023-05-28T21:00:00,15.72
670,23,2023-05-28T22:00:00,14.7
671,23,2023-05-28T23:00:00,13.81
672,23,2023-05-29T00:00:00,12.89
673,23,2023-05-29T01:00:00,11.84
674,23,2023-05-29T02:00:00,10.94
675,23,2023-05-29T03:00:00,10.07
676,23,2023-05-29T04:00:00,9.09
677,23,2023-05-29T05:00:00,8.94
678,23,2023-05-29T06:00:00,9.76
679,23,2023-05-29T07:00:00,11.51
680,23,2023-05-29T08:00:00,13.68
681,23,2023-05-29T09:00:00,15.29
682,23,2023-05-29T10:00:00,16.2
683,23,2023-05-29T11:00:00,16.71
684,23,2023-05-29T12:00:00,17.28
685,23,2023-05-29T13:00:00,17.85
686,23,2023-05-29T14:00:00,18.04
687,23,2023-05-29T15:00:00,17.88
688,23,2023-05-29T16:00:00,17.27
689,23,2023-05-29T17:00:00,16.55
690,23,2023-05-29T18:00:00,15.81
691,23,2023-05-29T19:00:00,14.72
692,23,2023-05-29T20:00:00,13.21
693,23,2023-05-29T21:00:00,12.04
694,23,2023-05-29T22:00:00,11.38
695,23,2023-05-29T23:00:00,10.91
696,23,2023-05-30T00:00:00,10.06
697,23,2023-05-30T01:00:00,9.07
698,23,2023-05-30T02:00:00,8.18
699,23,2023-05-30T03:00:00,7.26
700,23,2023-05-30T04:00:00,6.46
701,23,2023-05-30T05:00:00,6.64
702,23,2023-05-30T06:00:00,7.95
703,23,2023-05-30T07:00:00,9.92
704,23,2023-05-30T08:00:00,11.5
705,23,2023-05-30T09:00:00,13.22
706,23,2023-05-30T10:00:00,14.36
707,23,2023-05-30T11:00:00,15.23
708,23,2023-05-30T12:00:00,16.16
709,23,2023-05-30T13:00:00,16.86
710,23,2023-05-30T14:00:00,17.54
711,23,2023-05-30T15:00:00,17.94
712,23,2023-05-30T16:00:00,18.05
713,23,2023-05-30T17:00:00,17.93
714,23,2023-05-30T18:00:00,17.35
715,23,2023-05-30T19:00:00,16.18
716,23,2023-05-30T20:00:00,14.34
717,23,2023-05-30T21:00:00,13.09
718,23,2023-05-30T22:00:00,12.13
719,23,2023-05-30T23:00:00,11.66
720,23,2023-05-31T00:00:00,11.15
721,23,2023-05-31T01:00:00,10.63
722,23,2023-05-31T02:00:00,10.15
723,23,2023-05-31T03:00:00,9.71
724,23,2023-05-31T04:00:00,9.33
725,23,2023-05-31T05:00:00,9.71
726,23,2023-05-31T06:00:00,11.14
727,23,2023-05-31T07:00:00,13.32
728,23,2023-05-31T08:00:00,15.95
729,23,2023-05-31T09:00:00,17.95
730,23,2023-05-31T10:00:00,19.4
731,23,2023-05-31T11:00:00,20.29
732,23,2023-05-31T12:00:00,20.95
733,23,2023-05-31T13:00:00,21.62
734,23,2023-05-31T14:00:00,22.12
735,23,2023-05-31T15:00:00,22.42
736,23,2023-05-31T16:00:00,22.55
737,23,2023-05-31T17:00:00,22.22
738,23,2023-05-31T18:00:00,21.38
739,23,2023-05-31T19:00:00,20.01
740,23,2023-05-31T20:00:00,18.36
741,23,2023-05-31T21:00:00,16.84
742,23,2023-05-31T22:00:00,15.97
743,23,2023-05-31T23:00:00,14.96
744,23,2023-06-01T00:00:00,13.86
745,23,2023-06-01T01:00:00,13.32
746,23,2023-06-01T02:00:00,12.67
747,23,2023-06-01T03:00:00,11.88
748,23,2023-06-01T04:00:00,11.1
749,23,2023-06-01T05:00:00,10.92
750,23,2023-06-01T06:00:00,12.21
751,23,2023-06-01T07:00:00,13.77
752,23,2023-06-01T08:00:00,15.57
753,23,2023-06-01T09:00:00,17.0
754,23,2023-06-01T10:00:00,18.08
755,23,2023-06-01T11:00:00,18.56
756,23,2023-06-01T12:00:00,19.45
757,23,2023-06-01T13:00:00,19.9
758,23,2023-06-01T14:00:00,20.47
759,23,2023-06-01T15:00:00,20.63
760,23,2023-06-01T16:00:00,20.32
761,23,2023-06-01T17:00:00,19.64
762,23,2023-06-01T18:00:00,18.38
763,23,2023-06-01T19:00:00,16.53
764,23,2023-06-01T20:00:00,14.17
765,23,2023-06-01T21:00:00,12.31
766,23,2023-06-01T22:00:00,10.9
767,23,2023-06-01T23:00:00,10.03
768,23,2023-06-02T00:00:00,9.64
769,23,2023-06-02T01:00:00,9.1
770,23,2023-06-02T02:00:00,8.91
771,23,2023-06-02T03:00:00,8.69
772,23,2023-06-02T04:00:00,8.42
773,23,2023-06-02T05:00:00,8.16
774,23,2023-06-02T06:00:00,8.15
775,23,2023-06-02T07:00:00,8.39
776,23,2023-06-02T08:00:00,8.96
777,23,2023-06-02T09:00:00,10.32
778,23,2023-06-02T10:00:00,11.58
779,23,2023-06-02T11:00:00,12.82
780,23,2023-06-02T12:00:00,13.94
781,23,2023-06-02T13:00:00,14.92
782,23,2023-06-02T14:00:00,15.72
783,23,2023-06-02T15:00:00,16.23
784,23,2023-06-02T16:00:00,16.5
785,23,2023-06-02T17:00:00,16.34
786,23,2023-06-02T18:00:00,15.79
787,23,2023-06-02T19:00:00,14.9
788,23,2023-06-02T20:00:00,13.26
789,23,2023-06-02T21:00:00,11.91
790,23,2023-06-02T22:00:00,11.04
791,23,2023-06-02T23:00:00,10.44
792,23,2023-06-03T00:00:00,10.17
793,23,2023-06-03T01:00:00,9.89
794,23,2023-06-03T02:00:00,9.48
795,23,2023-06-03T03:00:00,9.05
796,23,2023-06-03T04:00:00,8.57
797,23,2023-06-03T05:00:00,8.99
798,23,2023-06-03T06:00:00,10.45
799,23,2023-06-03T07:00:00,12.39
800,23,2023-06-03T08:00:00,14.31
801,23,2023-06-03T09:00:00,16.0
802,23,2023-06-03T10:00:00,17.38
803,23,2023-06-03T11:00:00,18.24
804,23,2023-06-03T12:00:00,19.11
805,23,2023-06-03T13:00:00,19.75
806,23,2023-06-03T14:00:00,20.39
807,23,2023-06-03T15:00:00,20.47
808,23,2023-06-03T16:00:00,20.4
809,23,2023-06-03T17:00:00,20.02
810,23,2023-06-03T18:00:00,19.21
811,23,2023-06-03T19:00:00,17.84
812,23,2023-06-03T20:00:00,15.72
813,23,2023-06-03T21:00:00,14.04
814,23,2023-06-03T22:00:00,13.19
815,23,2023-06-03T23:00:00,12.27
816,23,2023-06-04T00:00:00,11.52
817,23,2023-06-04T01:00:00,10.91
818,23,2023-06-04T02:00:00,10.57
819,23,2023-06-04T03:00:00,10.16
820,23,2023-06-04T04:00:00,9.28
821,23,2023-06-04T05:00:00,9.61
822,23,2023-06-04T06:00:00,11.26
823,23,2023-06-04T07:00:00,13.62
824,23,2023-06-04T08:00:00,15.83
825,23,2023-06-04T09:00:00,17.62
826,23,2023-06-04T10:00:00,18.89
827,23,2023-06-04T11:00:00,19.6
828,23,2023-06-04T12:00:00,20.42
829,23,2023-06-04T13:00:00,21.01
830,23,2023-06-04T14:00:00,21.35
831,23,2023-06-04T15:00:00,21.58
832,23,2023-06-04T16:00:00,21.49
833,23,2023-06-04T17:00:00,21.09
834,23,2023-06-04T18:00:00,20.35
835,23,2023-06-04T19:00:00,19.09
836,23,2023-06-04T20:00:00,16.87
837,23,2023-06-04T21:00:00,15.0
838,23,2023-06-04T22:00:00,14.05
839,23,2023-06-04T23:00:00,13.21
840,23,2023-06-05T00:00:00,13.11
841,23,2023-06-05T01:00:00,12.28
842,23,2023-06-05T02:00:00,11.15
843,23,2023-06-05T03:00:00,10.65
844,23,2023-06-05T04:00:00,10.12
845,23,2023-06-05T05:00:00,10.7
846,23,2023-06-05T06:00:00,12.37
847,23,2023-06-05T07:00:00,14.43
848,23,2023-06-05T08:00:00,16.44
849,23,2023-06-05T09:00:00,18.18
850,23,2023-06-05T10:00:00,19.63
851,23,2023-06-05T11:00:00,20.56
852,23,2023-06-05T12:00:00,21.04
853,23,2023-06-05T13:00:00,21.62
854,23,2023-06-05T14:00:00,21.97
855,23,2023-06-05T15:00:00,22.21
856,23,2023-06-05T16:00:00,22.22
857,23,2023-06-05T17:00:00,21.86
858,23,2023-06-05T18:00:00,21.18
859,23,2023-06-05T19:00:00,19.86
860,23,2023-06-05T20:00:00,17.81
861,23,2023-06-05T21:00:00,16.1
862,23,2023-06-05T22:00:00,14.87
863,23,2023-06-05T23:00:00,13.75
864,23,2023-06-06T00:00:00,12.54
865,23,2023-06-06T01:00:00,11.77
866,23,2023-06-06T02:00:00,11.8
867,23,2023-06-06T03:00:00,11.39
868,23,2023-06-06T04:00:00,11.12
869,23,2023-06-06T05:00:00,11.65
870,23,2023-06-06T06:00:00,13.17
871,23,2023-06-06T07:00:00,15.21
872,23,2023-06-06T08:00:00,17.08
873,23,2023-06-06T09:00:00,18.42
874,23,2023-06-06T10:00:00,19.79
875,23,2023-06-06T11:00:00,20.94
876,23,2023-06-06T12:00:00,22.05
877,23,2023-06-06T13:00:00,22.7
878,23,2023-06-06T14:00:00,23.03
879,23,2023-06-06T15:00:00,23.15
880,23,2023-06-06T16:00:00,22.99
881,23,2023-06-06T17:00:00,22.61
882,23,2023-06-06T18:00:00,22.12
883,23,2023-06-06T19:00:00,20.62
884,23,2023-06-06T20:00:00,18.91
885,23,2023-06-06T21:00:00,17.47
886,23,2023-06-06T22:00:00,16.84
887,23,2023-06-06T23:00:00,16.28
888,23,2023-06-07T00:00:00,15.77
889,23,2023-06-07T01:00:00,15.48
890,23,2023-06-07T02:00:00,14.82
891,23,2023-06-07T03:00:00,14.24
892,23,2023-06-07T04:00:00,13.38
893,23,2023-06-07T05:00:00,13.29
894,23,2023-06-07T06:00:00,14.12
895,23,2023-06-07T07:00:00,15.32
896,23,2023-06-07T08:00:00,16.09
897,23,2023-06-07T09:00:00,17.17
898,23,2023-06-07T10:00:00,17.13
899,23,2023-06-07T11:00:00,17.01
900,23,2023-06-07T12:00:00,17.46
901,23,2023-06-07T13:00:00,17.23
902,23,2023-06-07T14:00:00,18.07
903,23,2023-06-07T15:00:00,18.63
904,23,2023-06-07T16:00:00,18.72
905,23,2023-06-07T17:00:00,18.61
906,23,2023-06-07T18:00:00,18.49
907,23,2023-06-07T19:00:00,17.6
908,23,2023-06-07T20:00:00,16.29
909,23,2023-06-07T21:00:00,15.27
910,23,2023-06-07T22:00:00,15.03
911,23,2023-06-07T23:00:00,14.12
912,23,2023-06-08T00:00:00,13.75
913,23,2023-06-08T01:00:00,13.98
914,23,2023-06-08T02:00:00,13.49
915,23,2023-06-08T03:00:00,13.17
916,23,2023-06-08T04:00:00,12.89
917,23,2023-06-08T05:00:00,12.92
918,23,2023-06-08T06:00:00,13.86
919,23,2023-06-08T07:00:00,15.79
920,23,2023-06-08T08:00:00,17.82
921,23,2023-06-08T09:00:00,19.48
922,23,2023-06-08T10:00:00,21.02
923,23,2023-06-08T11:00:00,21.98
924,23,2023-06-08T12:00:00,22.81
925,23,2023-06-08T13:00:00,23.16
926,23,2023-06-08T14:00:00,22.75
927,23,2023-06-08T15:00:00,22.9
928,23,2023-06-08T16:00:00,21.64
929,23,2023-06-08T17:00:00,21.5
930,23,2023-06-08T18:00:00,21.2
931,23,2023-06-08T19:00:00,20.97
932,23,2023-06-08T20:00:00,19.42
933,23,2023-06-08T21:00:00,17.62
934,23,2023-06-08T22:00:00,16.94
935,23,2023-06-08T23:00:00,16.41
936,23,2023-06-09T00:00:00,15.83
937,23,2023-06-09T01:00:00,14.77
938,23,2023-06-09T02:00:00,14.33
939,23,2023-06-09T03:00:00,13.72
940,23,2023-06-09T04:00:00,13.59
941,23,2023-06-09T05:00:00,14.86
942,23,2023-06-09T06:00:00,16.21
943,23,2023-06-09T07:00:00,18.41
944,23,2023-06-09T08:00:00,20.44
945,23,2023-06-09T09:00:00,22.16
946,23,2023-06-09T10:00:00,23.47
947,23,2023-06-09T11:00:00,24.42
948,23,2023-06-09T12:00:00,25.04
949,23,2023-06-09T13:00:00,25.51
950,23,2023-06-09T14:00:00,25.66
951,23,2023-06-09T15:00:00,25.89
952,23,2023-06-09T16:00:00,25.67
953,23,2023-06-09T17:00:00,25.5
954,23,2023-06-09T18:00:00,25.02
955,23,2023-06-09T19:00:00,23.71
956,23,2023-06-09T20:00:00,21.68
957,23,2023-06-09T21:00:00,20.12
958,23,2023-06-09T22:00:00,19.28
959,23,2023-06-09T23:00:00,19.1
960,23,2023-06-10T00:00:00,18.39
961,23,2023-06-10T01:00:00,18.1
962,23,2023-06-10T02:00:00,17.63
963,23,2023-06-10T03:00:00,16.85
964,23,2023-06-10T04:00:00,16.49
965,23,2023-06-10T05:00:00,16.96
966,23,2023-06-10T06:00:00,18.54
967,23,2023-06-10T07:00:00,20.71
968,23,2023-06-10T08:00:00,22.85
969,23,2023-06-10T09:00:00,24.27
970,23,2023-06-10T10:00:00,25.41
971,23,2023-06-10T11:00:00,25.94
972,23,2023-06-10T12:00:00,26.02
973,23,2023-06-10T13:00:00,26.23
974,23,2023-06-10T14:00:00,27.05
975,23,2023-06-10T15:00:00,27.11
976,23,2023-06-10T16:00:00,26.88
977,23,2023-06-10T17:00:00,26.64
978,23,2023-06-10T18:00:00,25.97
979,23,2023-06-10T19:00:00,24.63
980,23,2023-06-10T20:00:00,21.92
981,23,2023-06-10T21:00:00,20.52
982,23,2023-06-10T22:00:00,20.43
983,23,2023-06-10T23:00:00,19.7
984,23,2023-06-11T00:00:00,19.3
985,23,2023-06-11T01:00:00,18.11
986,23,2023-06-11T02:00:00,17.0
987,23,2023-06-11T03:00:00,16.25
988,23,2023-06-11T04:00:00,16.85
989,23,2023-06-11T05:00:00,17.9
990,23,2023-06-11T06:00:00,19.39
991,23,2023-06-11T07:00:00,21.1
992,23,2023-06-11T08:00:00,22.8
993,23,2023-06-11T09:00:00,24.14
994,23,2023-06-11T10:00:00,25.12
995,23,2023-06-11T11:00:00,25.91
996,23,2023-06-11T12:00:00,26.34
997,23,2023-06-11T13:00:00,26.88
998,23,2023-06-11T14:00:00,27.27
999,23,2023-06-11T15:00:00,27.45
1000,23,2023-06-11T16:00:00,27.06
1001,23,2023-06-11T17:00:00,26.66
1002,23,2023-06-11T18:00:00,25.71
1003,23,2023-06-11T19:00:00,24.46
1004,23,2023-06-11T20:00:00,22.29
1005,23,2023-06-11T21:00:00,20.65
1006,23,2023-06-11T22:00:00,19.51
1007,23,2023-06-11T23:00:00,18.79
1008,23,2023-06-12T00:00:00,18.08
1009,23,2023-06-12T01:00:00,17.27
1010,23,2023-06-12T02:00:00,16.39
1011,23,2023-06-12T03:00:00,14.88
1012,23,2023-06-12T04:00:00,14.21
1013,23,2023-06-12T05:00:00,14.61
1014,23,2023-06-12T06:00:00,18.27
1015,23,2023-06-12T07:00:00,21.07
1016,23,2023-06-12T08:00:00,22.97
1017,23,2023-06-12T09:00:00,24.47
1018,23,2023-06-12T10:00:00,24.87
1019,23,2023-06-12T11:00:00,25.35
1020,23,2023-06-12T12:00:00,25.78
1021,23,2023-06-12T13:00:00,26.39
1022,23,2023-06-12T14:00:00,25.82
1023,23,2023-06-12T15:00:00,25.88
1024,23,2023-06-12T16:00:00,25.83
1025,23,2023-06-12T17:00:00,25.91
1026,23,2023-06-12T18:00:00,25.13
1027,23,2023-06-12T19:00:00,23.78
1028,23,2023-06-12T20:00:00,21.56
1029,23,2023-06-12T21:00:00,19.56
1030,23,2023-06-12T22:00:00,18.65
1031,23,2023-06-12T23:00:00,18.09
1032,23,2023-06-13T00:00:00,17.2
1033,23,2023-06-13T01:00:00,16.3
1034,23,2023-06-13T02:00:00,15.33
1035,23,2023-06-13T03:00:00,15.0
1036,23,2023-06-13T04:00:00,14.16
1037,23,2023-06-13T05:00:00,15.11
1038,23,2023-06-13T06:00:00,17.12
1039,23,2023-06-13T07:00:00,18.92
1040,23,2023-06-13T08:00:00,20.8
1041,23,2023-06-13T09:00:00,22.01
1042,23,2023-06-13T10:00:00,23.12
1043,23,2023-06-13T11:00:00,23.81
1044,23,2023-06-13T12:00:00,24.21
1045,23,2023-06-13T13:00:00,24.46
1046,23,2023-06-13T14:00:00,24.63
1047,23,2023-06-13T15:00:00,24.75
1048,23,2023-06-13T16:00:00,24.77
1049,23,2023-06-13T17:00:00,24.35
1050,23,2023-06-13T18:00:00,23.63
1051,23,2023-06-13T19:00:00,22.46
1052,23,2023-06-13T20:00:00,19.68
1053,23,2023-06-13T21:00:00,17.87
1054,23,2023-06-13T22:00:00,16.93
1055,23,2023-06-13T23:00:00,16.56
1056,23,2023-06-14T00:00:00,16.14
1057,23,2023-06-14T01:00:00,15.36
1058,23,2023-06-14T02:00:00,14.51
1059,23,2023-06-14T03:00:00,14.23
1060,23,2023-06-14T04:00:00,14.21
1061,23,2023-06-14T05:00:00,14.67
1062,23,2023-06-14T06:00:00,16.09
1063,23,2023-06-14T07:00:00,18.43
1064,23,2023-06-14T08:00:00,19.88
1065,23,2023-06-14T09:00:00,21.01
1066,23,2023-06-14T10:00:00,21.68
1067,23,2023-06-14T11:00:00,22.09
1068,23,2023-06-14T12:00:00,22.51
1069,23,2023-06-14T13:00:00,22.84
1070,23,2023-06-14T14:00:00,23.0
1071,23,2023-06-14T15:00:00,23.04
1072,23,2023-06-14T16:00:00,23.05
1073,23,2023-06-14T17:00:00,22.59
1074,23,2023-06-14T18:00:00,21.78
1075,23,2023-06-14T19:00:00,20.65
1076,23,2023-06-14T20:00:00,18.86
1077,23,2023-06-14T21:00:00,17.04
1078,23,2023-06-14T22:00:00,15.62
1079,23,2023-06-14T23:00:00,15.15
1080,23,2023-06-15T00:00:00,14.45
1081,23,2023-06-15T01:00:00,13.35
1082,23,2023-06-15T02:00:00,12.02
1083,23,2023-06-15T03:00:00,11.25
1084,23,2023-06-15T04:00:00,11.1
1085,23,2023-06-15T05:00:00,11.95
1086,23,2023-06-15T06:00:00,14.27
1087,23,2023-06-15T07:00:00,17.12
1088,23,2023-06-15T08:00:00,19.12
1089,23,2023-06-15T09:00:00,20.54
1090,23,2023-06-15T10:00:00,21.39
1091,23,2023-06-15T11:00:00,22.21
1092,23,2023-06-15T12:00:00,22.72
1093,23,2023-06-15T13:00:00,23.21
1094,23,2023-06-15T14:00:00,23.55
1095,23,2023-06-15T15:00:00,23.76
1096,23,2023-06-15T16:00:00,23.41
1097,23,2023-06-15T17:00:00,22.76
1098,23,2023-06-15T18:00:00,22.71
1099,23,2023-06-15T19:00:00,21.42
1100,23,2023-06-15T20:00:00,19.0
1101,23,2023-06-15T21:00:00,16.66
1102,23,2023-06-15T22:00:00,15.57
1103,23,2023-06-15T23:00:00,14.85
1104,23,2023-06-16T00:00:00,13.41
1105,23,2023-06-16T01:00:00,12.89
1106,23,2023-06-16T02:00:00,11.49
1107,23,2023-06-16T03:00:00,10.97
1108,23,2023-06-16T04:00:00,10.42
1109,23,2023-06-16T05:00:00,11.0
1110,23,2023-06-16T06:00:00,13.56
1111,23,2023-06-16T07:00:00,17.19
1112,23,2023-06-16T08:00:00,19.63
1113,23,2023-06-16T09:00:00,21.43
1114,23,2023-06-16T10:00:00,22.58
1115,23,2023-06-16T11:00:00,22.66
1116,23,2023-06-16T12:00:00,23.39
1117,23,2023-06-16T13:00:00,23.98
1118,23,2023-06-16T14:00:00,24.33
1119,23,2023-06-16T15:00:00,24.49
1120,23,2023-06-16T16:00:00,24.18
1121,23,2023-06-16T17:00:00,24.11
1122,23,2023-06-16T18:00:00,23.56
1123,23,2023-06-16T19:00:00,22.11
1124,23,2023-06-16T20:00:00,18.86
1125,23,2023-06-16T21:00:00,16.5
1126,23,2023-06-16T22:00:00,15.87
1127,23,2023-06-16T23:00:00,14.84
1128,23,2023-06-17T00:00:00,13.76
1129,23,2023-06-17T01:00:00,13.3
1130,23,2023-06-17T02:00:00,12.39
1131,23,2023-06-17T03:00:00,11.3
1132,23,2023-06-17T04:00:00,10.5
1133,23,2023-06-17T05:00:00,11.39
1134,23,2023-06-17T06:00:00,14.47
1135,23,2023-06-17T07:00:00,18.18
1136,23,2023-06-17T08:00:00,20.67
1137,23,2023-06-17T09:00:00,22.26
1138,23,2023-06-17T10:00:00,23.35
1139,23,2023-06-17T11:00:00,24.16
1140,23,2023-06-17T12:00:00,24.81
1141,23,2023-06-17T13:00:00,25.19
1142,23,2023-06-17T14:00:00,25.19
1143,23,2023-06-17T15:00:00,25.3
1144,23,2023-06-17T16:00:00,25.06
1145,23,2023-06-17T17:00:00,24.56
1146,23,2023-06-17T18:00:00,23.66
1147,23,2023-06-17T19:00:00,22.09
1148,23,2023-06-17T20:00:00,20.11
1149,23,2023-06-17T21:00:00,19.14
1150,23,2023-06-17T22:00:00,18.45
1151,23,2023-06-17T23:00:00,17.71
1152,23,2023-06-18T00:00:00,17.4
1153,23,2023-06-18T01:00:00,16.66
1154,23,2023-06-18T02:00:00,15.6
1155,23,2023-06-18T03:00:00,15.16
1156,23,2023-06-18T04:00:00,15.23
1157,23,2023-06-18T05:00:00,16.0
1158,23,2023-06-18T06:00:00,17.44
1159,23,2023-06-18T07:00:00,18.95
1160,23,2023-06-18T08:00:00,19.58
1161,23,2023-06-18T09:00:00,20.75
1162,23,2023-06-18T10:00:00,21.12
1163,23,2023-06-18T11:00:00,21.52
1164,23,2023-06-18T12:00:00,22.82
1165,23,2023-06-18T13:00:00,24.48
1166,23,2023-06-18T14:00:00,25.01
1167,23,2023-06-18T15:00:00,25.3
1168,23,2023-06-18T16:00:00,24.7
1169,23,2023-06-18T17:00:00,24.55
1170,23,2023-06-18T18:00:00,24.15
1171,23,2023-06-18T19:00:00,23.57
1172,23,2023-06-18T20:00:00,21.98
1173,23,2023-06-18T21:00:00,19.91
1174,23,2023-06-18T22:00:00,18.77
1175,23,2023-06-18T23:00:00,17.99
1176,23,2023-06-19T00:00:00,17.45
1177,23,2023-06-19T01:00:00,17.33
1178,23,2023-06-19T02:00:00,16.94
1179,23,2023-06-19T03:00:00,16.36
1180,23,2023-06-19T04:00:00,16.12
1181,23,2023-06-19T05:00:00,16.28
1182,23,2023-06-19T06:00:00,16.35
1183,23,2023-06-19T07:00:00,17.08
1184,23,2023-06-19T08:00:00,18.16
1185,23,2023-06-19T09:00:00,19.26
1186,23,2023-06-19T10:00:00,20.6
1187,23,2023-06-19T11:00:00,21.78
1188,23,2023-06-19T12:00:00,22.9
1189,23,2023-06-19T13:00:00,23.7
1190,23,2023-06-19T14:00:00,24.35
1191,23,2023-06-19T15:00:00,25.04
1192,23,2023-06-19T16:00:00,25.17
1193,23,2023-06-19T17:00:00,24.55
1194,23,2023-06-19T18:00:00,23.76
1195,23,2023-06-19T19:00:00,22.57
1196,23,2023-06-19T20:00:00,21.36
1197,23,2023-06-19T21:00:00,20.03
1198,23,2023-06-19T22:00:00,18.78
1199,23,2023-06-19T23:00:00,17.76
1200,23,2023-06-20T00:00:00,17.24
1201,23,2023-06-20T01:00:00,17.02
1202,23,2023-06-20T02:00:00,16.88
1203,23,2023-06-20T03:00:00,17.04
1204,23,2023-06-20T04:00:00,16.51
1205,23,2023-06-20T05:00:00,16.73
1206,23,2023-06-20T06:00:00,17.71
1207,23,2023-06-20T07:00:00,18.82
1208,23,2023-06-20T08:00:00,20.21
1209,23,2023-06-20T09:00:00,21.85
1210,23,2023-06-20T10:00:00,23.47
1211,23,2023-06-20T11:00:00,24.91
1212,23,2023-06-20T12:00:00,25.86
1213,23,2023-06-20T13:00:00,26.44
1214,23,2023-06-20T14:00:00,25.68
1215,23,2023-06-20T15:00:00,25.19
1216,23,2023-06-20T16:00:00,24.68
1217,23,2023-06-20T17:00:00,23.99
1218,23,2023-06-20T18:00:00,23.15
1219,23,2023-06-20T19:00:00,21.33
1220,23,2023-06-20T20:00:00,18.93
1221,23,2023-06-20T21:00:00,17.67
1222,23,2023-06-20T22:00:00,16.69
1223,23,2023-06-20T23:00:00,15.83
1224,23,2023-06-21T00:00:00,15.42
1225,23,2023-06-21T01:00:00,15.27
1226,23,2023-06-21T02:00:00,15.31
1227,23,2023-06-21T03:00:00,15.18
1228,23,2023-06-21T04:00:00,15.12
1229,23,2023-06-21T05:00:00,15.88
1230,23,2023-06-21T06:00:00,16.78
1231,23,2023-06-21T07:00:00,17.85
1232,23,2023-06-21T08:00:00,19.18
1233,23,2023-06-21T09:00:00,20.2
1234,23,2023-06-21T10:00:00,21.22
1235,23,2023-06-21T11:00:00,22.01
1236,23,2023-06-21T12:00:00,22.44
1237,23,2023-06-21T13:00:00,22.96
1238,23,2023-06-21T14:00:00,24.07
1239,23,2023-06-21T15:00:00,24.42
1240,23,2023-06-21T16:00:00,24.28
1241,23,2023-06-21T17:00:00,23.74
1242,23,2023-06-21T18:00:00,23.4
1243,23,2023-06-21T19:00:00,22.07
1244,23,2023-06-21T20:00:00,20.24
1245,23,2023-06-21T21:00:00,18.96
1246,23,2023-06-21T22:00:00,19.11
1247,23,2023-06-21T23:00:00,18.88
1248,23,2023-06-22T00:00:00,18.5
1249,23,2023-06-22T01:00:00,18.0
1250,23,2023-06-22T02:00:00,18.1
1251,23,2023-06-22T03:00:00,17.56
1252,23,2023-06-22T04:00:00,17.31
1253,23,2023-06-22T05:00:00,17.18
1254,23,2023-06-22T06:00:00,17.57
1255,23,2023-06-22T07:00:00,18.35
1256,23,2023-06-22T08:00:00,20.39
1257,23,2023-06-22T09:00:00,21.32
1258,23,2023-06-22T10:00:00,20.01
1259,23,2023-06-22T11:00:00,19.3
1260,23,2023-06-22T12:00:00,19.68
1261,23,2023-06-22T13:00:00,20.39
1262,23,2023-06-22T14:00:00,19.23
1263,23,2023-06-22T15:00:00,18.17
1264,23,2023-06-22T16:00:00,17.29
1265,23,2023-06-22T17:00:00,16.96
1266,23,2023-06-22T18:00:00,16.43
1267,23,2023-06-22T19:00:00,15.95
1268,23,2023-06-22T20:00:00,15.74
1269,23,2023-06-22T21:00:00,15.78
1270,23,2023-06-22T22:00:00,15.76
1271,23,2023-06-22T23:00:00,15.64
1272,23,2023-06-23T00:00:00,15.56
1273,23,2023-06-23T01:00:00,15.05
1274,23,2023-06-23T02:00:00,14.46
1275,23,2023-06-23T03:00:00,13.88
1276,23,2023-06-23T04:00:00,13.63
1277,23,2023-06-23T05:00:00,13.64
1278,23,2023-06-23T06:00:00,14.13
1279,23,2023-06-23T07:00:00,14.73
1280,23,2023-06-23T08:00:00,15.98
1281,23,2023-06-23T09:00:00,17.37
1282,23,2023-06-23T10:00:00,19.02
1283,23,2023-06-23T11:00:00,20.23
1284,23,2023-06-23T12:00:00,21.24
1285,23,2023-06-23T13:00:00,21.96
1286,23,2023-06-23T14:00:00,22.47
1287,23,2023-06-23T15:00:00,22.9
1288,23,2023-06-23T16:00:00,22.66
1289,23,2023-06-23T17:00:00,22.61
1290,23,2023-06-23T18:00:00,22.37
1291,23,2023-06-23T19:00:00,21.61
1292,23,2023-06-23T20:00:00,19.28
1293,23,2023-06-23T21:00:00,17.14
1294,23,2023-06-23T22:00:00,15.89
1295,23,2023-06-23T23:00:00,15.25
1296,23,2023-06-24T00:00:00,14.72
1297,23,2023-06-24T01:00:00,14.37
1298,23,2023-06-24T02:00:00,13.9
1299,23,2023-06-24T03:00:00,13.39
1300,23,2023-06-24T04:00:00,12.77
1301,23,2023-06-24T05:00:00,13.23
1302,23,2023-06-24T06:00:00,15.43
1303,23,2023-06-24T07:00:00,17.36
1304,23,2023-06-24T08:00:00,19.16
1305,23,2023-06-24T09:00:00,20.73
1306,23,2023-06-24T10:00:00,22.05
1307,23,2023-06-24T11:00:00,22.84
1308,23,2023-06-24T12:00:00,23.73
1309,23,2023-06-24T13:00:00,24.47
1310,23,2023-06-24T14:00:00,24.86
1311,23,2023-06-24T15:00:00,25.23
1312,23,2023-06-24T16:00:00,25.25
1313,23,2023-06-24T17:00:00,25.22
1314,23,2023-06-24T18:00:00,24.49
1315,23,2023-06-24T19:00:00,23.3
1316,23,2023-06-24T20:00:00,20.12
1317,23,2023-06-24T21:00:00,17.71
1318,23,2023-06-24T22:00:00,17.53
1319,23,2023-06-24T23:00:00,17.05
1320,23,2023-06-25T00:00:00,16.43
1321,23,2023-06-25T01:00:00,16.19
1322,23,2023-06-25T02:00:00,16.24
1323,23,2023-06-25T03:00:00,15.42
1324,23,2023-06-25T04:00:00,14.69
1325,23,2023-06-25T05:00:00,15.63
1326,23,2023-06-25T06:00:00,18.35
1327,23,2023-06-25T07:00:00,20.71
1328,23,2023-06-25T08:00:00,22.67
1329,23,2023-06-25T09:00:00,24.25
1330,23,2023-06-25T10:00:00,25.4
1331,23,2023-06-25T11:00:00,26.22
1332,23,2023-06-25T12:00:00,27.03
1333,23,2023-06-25T13:00:00,27.54
1334,23,2023-06-25T14:00:00,27.89
1335,23,2023-06-25T15:00:00,28.29
1336,23,2023-06-25T16:00:00,28.28
1337,23,2023-06-25T17:00:00,27.98
1338,23,2023-06-25T18:00:00,27.4
1339,23,2023-06-25T19:00:00,25.96
1340,23,2023-06-25T20:00:00,22.68
1341,23,2023-06-25T21:00:00,20.28
1342,23,2023-06-25T22:00:00,18.99
1343,23,2023-06-25T23:00:00,18.3
1344,23,2023-06-26T00:00:00,18.13
1345,23,2023-06-26T01:00:00,18.06
1346,23,2023-06-26T02:00:00,17.78
1347,23,2023-06-26T03:00:00,17.56
1348,23,2023-06-26T04:00:00,16.5
1349,23,2023-06-26T05:00:00,16.29
1350,23,2023-06-26T06:00:00,16.41
1351,23,2023-06-26T07:00:00,16.49
1352,23,2023-06-26T08:00:00,17.18
1353,23,2023-06-26T09:00:00,18.27
1354,23,2023-06-26T10:00:00,19.08
1355,23,2023-06-26T11:00:00,19.42
1356,23,2023-06-26T12:00:00,19.7
1357,23,2023-06-26T13:00:00,19.89
1358,23,2023-06-26T14:00:00,20.02
1359,23,2023-06-26T15:00:00,19.95
1360,23,2023-06-26T16:00:00,20.01
1361,23,2023-06-26T17:00:00,19.34
1362,23,2023-06-26T18:00:00,18.27
1363,23,2023-06-26T19:00:00,17.41
1364,23,2023-06-26T20:00:00,16.12
1365,23,2023-06-26T21:00:00,14.63
1366,23,2023-06-26T22:00:00,14.12
1367,23,2023-06-26T23:00:00,13.75
1368,23,2023-06-27T00:00:00,12.72
1369,23,2023-06-27T01:00:00,11.86
1370,23,2023-06-27T02:00:00,11.64
1371,23,2023-06-27T03:00:00,11.34
1372,23,2023-06-27T04:00:00,10.84
1373,23,2023-06-27T05:00:00,10.97
1374,23,2023-06-27T06:00:00,12.83
1375,23,2023-06-27T07:00:00,14.52
1376,23,2023-06-27T08:00:00,16.12
1377,23,2023-06-27T09:00:00,17.17
1378,23,2023-06-27T10:00:00,17.95
1379,23,2023-06-27T11:00:00,18.62
1380,23,2023-06-27T12:00:00,19.27
1381,23,2023-06-27T13:00:00,19.35
1382,23,2023-06-27T14:00:00,19.53
1383,23,2023-06-27T15:00:00,19.4
1384,23,2023-06-27T16:00:00,19.21
1385,23,2023-06-27T17:00:00,19.08
1386,23,2023-06-27T18:00:00,18.53
1387,23,2023-06-27T19:00:00,17.88
1388,23,2023-06-27T20:00:00,17.03
1389,23,2023-06-27T21:00:00,16.35
1390,23,2023-06-27T22:00:00,15.98
1391,23,2023-06-27T23:00:00,15.22
1392,23,2023-06-28T00:00:00,14.32
1393,23,2023-06-28T01:00:00,13.6
1394,23,2023-06-28T02:00:00,13.25
1395,23,2023-06-28T03:00:00,13.09
1396,23,2023-06-28T04:00:00,12.95
1397,23,2023-06-28T05:00:00,13.2
1398,23,2023-06-28T06:00:00,13.72
1399,23,2023-06-28T07:00:00,14.09
1400,23,2023-06-28T08:00:00,14.69
1401,23,2023-06-28T09:00:00,15.48
1402,23,2023-06-28T10:00:00,16.32
1403,23,2023-06-28T11:00:00,17.38
1404,23,2023-06-28T12:00:00,18.59
1405,23,2023-06-28T13:00:00,19.64
1406,23,2023-06-28T14:00:00,20.41
1407,23,2023-06-28T15:00:00,20.91
1408,23,2023-06-28T16:00:00,20.72
1409,23,2023-06-28T17:00:00,20.7
1410,23,2023-06-28T18:00:00,20.24
1411,23,2023-06-28T19:00:00,19.64
1412,23,2023-06-28T20:00:00,18.59
1413,23,2023-06-28T21:00:00,18.01
1414,23,2023-06-28T22:00:00,17.48
1415,23,2023-06-28T23:00:00,16.91
1416,23,2023-06-29T00:00:00,16.64
1417,23,2023-06-29T01:00:00,16.36
1418,23,2023-06-29T02:00:00,15.67
1419,23,2023-06-29T03:00:00,15.74
1420,23,2023-06-29T04:00:00,15.73
1421,23,2023-06-29T05:00:00,16.03
1422,23,2023-06-29T06:00:00,16.95
1423,23,2023-06-29T07:00:00,17.69
1424,23,2023-06-29T08:00:00,18.42
1425,23,2023-06-29T09:00:00,19.78
1426,23,2023-06-29T10:00:00,19.99
1427,23,2023-06-29T11:00:00,20.07
1428,23,2023-06-29T12:00:00,20.08
1429,23,2023-06-29T13:00:00,19.84
1430,23,2023-06-29T14:00:00,20.06
1431,23,2023-06-29T15:00:00,20.67
1432,23,2023-06-29T16:00:00,20.93
1433,23,2023-06-29T17:00:00,19.79
1434,23,2023-06-29T18:00:00,18.63
1435,23,2023-06-29T19:00:00,18.0
1436,23,2023-06-29T20:00:00,17.05
1437,23,2023-06-29T21:00:00,16.08
1438,23,2023-06-29T22:00:00,15.45
1439,23,2023-06-29T23:00:00,14.74
1440,23,2023-06-30T00:00:00,14.08
1441,23,2023-06-30T01:00:00,13.53
1442,23,2023-06-30T02:00:00,13.14
1443,23,2023-06-30T03:00:00,12.5
1444,23,2023-06-30T04:00:00,12.02
1445,23,2023-06-30T05:00:00,11.81
1446,23,2023-06-30T06:00:00,12.13
1447,23,2023-06-30T07:00:00,12.84
1448,23,2023-06-30T08:00:00,14.26
1449,23,2023-06-30T09:00:00,15.6
1450,23,2023-06-30T10:00:00,16.56
1451,23,2023-06-30T11:00:00,17.64
1452,23,2023-06-30T12:00:00,18.28
1453,23,2023-06-30T13:00:00,18.61
1454,23,2023-06-30T14:00:00,18.7
1455,23,2023-06-30T15:00:00,19.15
1456,23,2023-06-30T16:00:00,19.26
1457,23,2023-06-30T17:00:00,18.95
1458,23,2023-06-30T18:00:00,18.66
1459,23,2023-06-30T19:00:00,17.52
1460,23,2023-06-30T20:00:00,15.75
1461,23,2023-06-30T21:00:00,14.16
1462,23,2023-06-30T22:00:00,13.52
1463,23,2023-06-30T23:00:00,13.5
1464,23,2023-07-01T00:00:00,13.81
1465,23,2023-07-01T01:00:00,14.42
1466,23,2023-07-01T02:00:00,14.57
1467,23,2023-07-01T03:00:00,14.39
1468,23,2023-07-01T04:00:00,14.09
1469,23,2023-07-01T05:00:00,13.59
1470,23,2023-07-01T06:00:00,13.24
1471,23,2023-07-01T07:00:00,13.23
1472,23,2023-07-01T08:00:00,13.7
1473,23,2023-07-01T09:00:00,14.21
1474,23,2023-07-01T10:00:00,14.75
1475,23,2023-07-01T11:00:00,15.46
1476,23,2023-07-01T12:00:00,16.27
1477,23,2023-07-01T13:00:00,17.31
1478,23,2023-07-01T14:00:00,18.17
1479,23,2023-07-01T15:00:00,18.72
1480,23,2023-07-01T16:00:00,17.63
1481,23,2023-07-01T17:00:00,17.31
1482,23,2023-07-01T18:00:00,16.49
1483,23,2023-07-01T19:00:00,15.44
1484,23,2023-07-01T20:00:00,14.98
1485,23,2023-07-01T21:00:00,14.45
1486,23,2023-07-01T22:00:00,13.93
1487,23,2023-07-01T23:00:00,13.22
1488,23,2023-07-02T00:00:00,12.77
1489,23,2023-07-02T01:00:00,12.73
1490,23,2023-07-02T02:00:00,12.73
1491,23,2023-07-02T03:00:00,12.62
1492,23,2023-07-02T04:00:00,12.4
1493,23,2023-07-02T05:00:00,12.39
1494,23,2023-07-02T06:00:00,12.5
1495,23,2023-07-02T07:00:00,12.98
1496,23,2023-07-02T08:00:00,13.72
1497,23,2023-07-02T09:00:00,14.7
1498,23,2023-07-02T10:00:00,15.71
1499,23,2023-07-02T11:00:00,16.55
1500,23,2023-07-02T12:00:00,17.08
1501,23,2023-07-02T13:00:00,17.79
1502,23,2023-07-02T14:00:00,18.36
1503,23,2023-07-02T15:00:00,18.7
1504,23,2023-07-02T16:00:00,18.65
1505,23,2023-07-02T17:00:00,18.35
1506,23,2023-07-02T18:00:00,17.99
1507,23,2023-07-02T19:00:00,17.18
1508,23,2023-07-02T20:00:00,15.84
1509,23,2023-07-02T21:00:00,14.44
1510,23,2023-07-02T22:00:00,12.96
1511,23,2023-07-02T23:00:00,12.25
1512,23,2023-07-03T00:00:00,11.79
1513,23,2023-07-03T01:00:00,11.28
1514,23,2023-07-03T02:00:00,11.13
1515,23,2023-07-03T03:00:00,10.7
1516,23,2023-07-03T04:00:00,11.03
1517,23,2023-07-03T05:00:00,11.56
1518,23,2023-07-03T06:00:00,12.17
1519,23,2023-07-03T07:00:00,12.9
1520,23,2023-07-03T08:00:00,14.03
1521,23,2023-07-03T09:00:00,15.05
1522,23,2023-07-03T10:00:00,15.58
1523,23,2023-07-03T11:00:00,16.24
1524,23,2023-07-03T12:00:00,16.94
1525,23,2023-07-03T13:00:00,17.46
1526,23,2023-07-03T14:00:00,18.22
1527,23,2023-07-03T15:00:00,18.65
1528,23,2023-07-03T16:00:00,18.87
1529,23,2023-07-03T17:00:00,18.54
1530,23,2023-07-03T18:00:00,18.18
1531,23,2023-07-03T19:00:00,17.37
1532,23,2023-07-03T20:00:00,15.86
1533,23,2023-07-03T21:00:00,14.8
1534,23,2023-07-03T22:00:00,13.81
1535,23,2023-07-03T23:00:00,13.46
1536,23,2023-07-04T00:00:00,12.93
1537,23,2023-07-04T01:00:00,12.29
1538,23,2023-07-04T02:00:00,11.61
1539,23,2023-07-04T03:00:00,11.15
1540,23,2023-07-04T04:00:00,10.69
1541,23,2023-07-04T05:00:00,10.72
1542,23,2023-07-04T06:00:00,11.76
1543,23,2023-07-04T07:00:00,13.31
1544,23,2023-07-04T08:00:00,14.59
1545,23,2023-07-04T09:00:00,16.01
1546,23,2023-07-04T10:00:00,17.14
1547,23,2023-07-04T11:00:00,18.24
1548,23,2023-07-04T12:00:00,19.06
1549,23,2023-07-04T13:00:00,19.39
1550,23,2023-07-04T14:00:00,19.43
1551,23,2023-07-04T15:00:00,19.66
1552,23,2023-07-04T16:00:00,19.44
1553,23,2023-07-04T17:00:00,18.72
1554,23,2023-07-04T18:00:00,17.64
1555,23,2023-07-04T19:00:00,16.93
1556,23,2023-07-04T20:00:00,15.92
1557,23,2023-07-04T21:00:00,15.54
1558,23,2023-07-04T22:00:00,15.21
1559,23,2023-07-04T23:00:00,14.93
1560,23,2023-07-05T00:00:00,14.39
1561,23,2023-07-05T01:00:00,14.58
1562,23,2023-07-05T02:00:00,13.87
1563,23,2023-07-05T03:00:00,12.18
1564,23,2023-07-05T04:00:00,11.41
1565,23,2023-07-05T05:00:00,11.02
1566,23,2023-07-05T06:00:00,10.79
1567,23,2023-07-05T07:00:00,10.88
1568,23,2023-07-05T08:00:00,11.82
1569,23,2023-07-05T09:00:00,13.05
1570,23,2023-07-05T10:00:00,14.4
1571,23,2023-07-05T11:00:00,15.14
1572,23,2023-07-05T12:00:00,15.43
1573,23,2023-07-05T13:00:00,14.91
1574,23,2023-07-05T14:00:00,14.39
1575,23,2023-07-05T15:00:00,14.26
1576,23,2023-07-05T16:00:00,13.47
1577,23,2023-07-05T17:00:00,14.08
1578,23,2023-07-05T18:00:00,14.67
1579,23,2023-07-05T19:00:00,13.86
1580,23,2023-07-05T20:00:00,12.8
1581,23,2023-07-05T21:00:00,11.9
1582,23,2023-07-05T22:00:00,11.1
1583,23,2023-07-05T23:00:00,10.7
1584,23,2023-07-06T00:00:00,9.78
1585,23,2023-07-06T01:00:00,8.97
1586,23,2023-07-06T02:00:00,7.69
1587,23,2023-07-06T03:00:00,7.14
1588,23,2023-07-06T04:00:00,6.66
1589,23,2023-07-06T05:00:00,7.38
1590,23,2023-07-06T06:00:00,10.0
1591,23,2023-07-06T07:00:00,12.14
1592,23,2023-07-06T08:00:00,13.81
1593,23,2023-07-06T09:00:00,15.4
1594,23,2023-07-06T10:00:00,16.68
1595,23,2023-07-06T11:00:00,17.08
1596,23,2023-07-06T12:00:00,18.23
1597,23,2023-07-06T13:00:00,18.93
1598,23,2023-07-06T14:00:00,19.3
1599,23,2023-07-06T15:00:00,19.83
1600,23,2023-07-06T16:00:00,19.98
1601,23,2023-07-06T17:00:00,19.73
1602,23,2023-07-06T18:00:00,19.44
1603,23,2023-07-06T19:00:00,18.2
1604,23,2023-07-06T20:00:00,15.85
1605,23,2023-07-06T21:00:00,13.54
1606,23,2023-07-06T22:00:00,12.34
1607,23,2023-07-06T23:00:00,12.21
1608,23,2023-07-07T00:00:00,12.34
1609,23,2023-07-07T01:00:00,12.03
1610,23,2023-07-07T02:00:00,11.57
1611,23,2023-07-07T03:00:00,10.91
1612,23,2023-07-07T04:00:00,10.7
1613,23,2023-07-07T05:00:00,11.32
1614,23,2023-07-07T06:00:00,15.1
1615,23,2023-07-07T07:00:00,17.82
1616,23,2023-07-07T08:00:00,20.35
1617,23,2023-07-07T09:00:00,22.09
1618,23,2023-07-07T10:00:00,23.4
1619,23,2023-07-07T11:00:00,24.2
1620,23,2023-07-07T12:00:00,24.89
1621,23,2023-07-07T13:00:00,25.72
1622,23,2023-07-07T14:00:00,26.25
1623,23,2023-07-07T15:00:00,26.22
1624,23,2023-07-07T16:00:00,26.17
1625,23,2023-07-07T17:00:00,25.5
1626,23,2023-07-07T18:00:00,25.35
1627,23,2023-07-07T19:00:00,23.71
1628,23,2023-07-07T20:00:00,21.72
1629,23,2023-07-07T21:00:00,19.83
1630,23,2023-07-07T22:00:00,18.58
1631,23,2023-07-07T23:00:00,18.06
1632,23,2023-07-08T00:00:00,18.23
1633,23,2023-07-08T01:00:00,18.07
1634,23,2023-07-08T02:00:00,17.46
1635,23,2023-07-08T03:00:00,17.3
1636,23,2023-07-08T04:00:00,16.77
1637,23,2023-07-08T05:00:00,17.39
1638,23,2023-07-08T06:00:00,19.49
1639,23,2023-07-08T07:00:00,22.09
1640,23,2023-07-08T08:00:00,24.31
1641,23,2023-07-08T09:00:00,26.08
1642,23,2023-07-08T10:00:00,27.15
1643,23,2023-07-08T11:00:00,28.3
1644,23,2023-07-08T12:00:00,29.13
1645,23,2023-07-08T13:00:00,29.86
1646,23,2023-07-08T14:00:00,28.94
1647,23,2023-07-08T15:00:00,28.22
1648,23,2023-07-08T16:00:00,28.92
1649,23,2023-07-08T17:00:00,28.75
1650,23,2023-07-08T18:00:00,28.16
1651,23,2023-07-08T19:00:00,26.9
1652,23,2023-07-08T20:00:00,23.36
1653,23,2023-07-08T21:00:00,21.28
1654,23,2023-07-08T22:00:00,20.16
1655,23,2023-07-08T23:00:00,19.43
1656,23,2023-07-09T00:00:00,18.99
1657,23,2023-07-09T01:00:00,18.64
1658,23,2023-07-09T02:00:00,18.72
1659,23,2023-07-09T03:00:00,18.69
1660,23,2023-07-09T04:00:00,18.58
1661,23,2023-07-09T05:00:00,19.0
1662,23,2023-07-09T06:00:00,21.2
1663,23,2023-07-09T07:00:00,23.32
1664,23,2023-07-09T08:00:00,25.52
1665,23,2023-07-09T09:00:00,27.37
1666,23,2023-07-09T10:00:00,28.93
1667,23,2023-07-09T11:00:00,29.88
1668,23,2023-07-09T12:00:00,29.43
1669,23,2023-07-09T13:00:00,27.39
1670,23,2023-07-09T14:00:00,23.43
1671,23,2023-07-09T15:00:00,21.16
1672,23,2023-07-09T16:00:00,21.92
1673,23,2023-07-09T17:00:00,23.91
1674,23,2023-07-09T18:00:00,24.12
1675,23,2023-07-09T19:00:00,22.7
1676,23,2023-07-09T20:00:00,21.4
1677,23,2023-07-09T21:00:00,20.23
1678,23,2023-07-09T22:00:00,19.42
1679,23,2023-07-09T23:00:00,18.91
1680,23,2023-07-10T00:00:00,18.57
1681,23,2023-07-10T01:00:00,18.11
1682,23,2023-07-10T02:00:00,17.48
1683,23,2023-07-10T03:00:00,16.75
1684,23,2023-07-10T04:00:00,16.28
1685,23,2023-07-10T05:00:00,15.83
1686,23,2023-07-10T06:00:00,15.78
1687,23,2023-07-10T07:00:00,17.24
1688,23,2023-07-10T08:00:00,18.55
1689,23,2023-07-10T09:00:00,19.79
1690,23,2023-07-10T10:00:00,20.9
1691,23,2023-07-10T11:00:00,22.12
1692,23,2023-07-10T12:00:00,22.91
1693,23,2023-07-10T13:00:00,23.15
1694,23,2023-07-10T14:00:00,23.82
1695,23,2023-07-10T15:00:00,24.37
1696,23,2023-07-10T16:00:00,24.15
1697,23,2023-07-10T17:00:00,23.94
1698,23,2023-07-10T18:00:00,23.47
1699,23,2023-07-10T19:00:00,21.85
1700,23,2023-07-10T20:00:00,19.05
1701,23,2023-07-10T21:00:00,17.0
1702,23,2023-07-10T22:00:00,15.66
1703,23,2023-07-10T23:00:00,15.16
1704,23,2023-07-11T00:00:00,14.83
1705,23,2023-07-11T01:00:00,14.67
1706,23,2023-07-11T02:00:00,14.33
1707,23,2023-07-11T03:00:00,14.11
1708,23,2023-07-11T04:00:00,13.88
1709,23,2023-07-11T05:00:00,14.7
1710,23,2023-07-11T06:00:00,17.37
1711,23,2023-07-11T07:00:00,19.88
1712,23,2023-07-11T08:00:00,22.0
1713,23,2023-07-11T09:00:00,23.38
1714,23,2023-07-11T10:00:00,24.78
1715,23,2023-07-11T11:00:00,25.96
1716,23,2023-07-11T12:00:00,26.92
1717,23,2023-07-11T13:00:00,27.64
1718,23,2023-07-11T14:00:00,28.25
1719,23,2023-07-11T15:00:00,28.47
1720,23,2023-07-11T16:00:00,27.99
1721,23,2023-07-11T17:00:00,27.27
1722,23,2023-07-11T18:00:00,26.0
1723,23,2023-07-11T19:00:00,24.67
1724,23,2023-07-11T20:00:00,22.75
1725,23,2023-07-11T21:00:00,21.26
1726,23,2023-07-11T22:00:00,19.91
1727,23,2023-07-11T23:00:00,19.0
1728,23,2023-07-12T00:00:00,17.86
1729,23,2023-07-12T01:00:00,17.03
1730,23,2023-07-12T02:00:00,16.79
1731,23,2023-07-12T03:00:00,16.17
1732,23,2023-07-12T04:00:00,14.73
1733,23,2023-07-12T05:00:00,14.59
1734,23,2023-07-12T06:00:00,14.6
1735,23,2023-07-12T07:00:00,15.05
1736,23,2023-07-12T08:00:00,15.31
1737,23,2023-07-12T09:00:00,16.15
1738,23,2023-07-12T10:00:00,17.24
1739,23,2023-07-12T11:00:00,18.55
1740,23,2023-07-12T12:00:00,19.68
1741,23,2023-07-12T13:00:00,20.42
1742,23,2023-07-12T14:00:00,20.73
1743,23,2023-07-12T15:00:00,20.79
1744,23,2023-07-12T16:00:00,20.67
1745,23,2023-07-12T17:00:00,19.94
1746,23,2023-07-12T18:00:00,19.27
1747,23,2023-07-12T19:00:00,18.42
1748,23,2023-07-12T20:00:00,17.17
1749,23,2023-07-12T21:00:00,15.59
1750,23,2023-07-12T22:00:00,14.05
1751,23,2023-07-12T23:00:00,13.0
1752,23,2023-07-13T00:00:00,11.92
1753,23,2023-07-13T01:00:00,10.91
1754,23,2023-07-13T02:00:00,10.48
1755,23,2023-07-13T03:00:00,10.2
1756,23,2023-07-13T04:00:00,9.78
1757,23,2023-07-13T05:00:00,10.53
1758,23,2023-07-13T06:00:00,12.33
1759,23,2023-07-13T07:00:00,13.52
1760,23,2023-07-13T08:00:00,14.71
1761,23,2023-07-13T09:00:00,15.79
1762,23,2023-07-13T10:00:00,17.26
1763,23,2023-07-13T11:00:00,17.99
1764,23,2023-07-13T12:00:00,18.09
1765,23,2023-07-13T13:00:00,18.96
1766,23,2023-07-13T14:00:00,19.21
1767,23,2023-07-13T15:00:00,18.66
1768,23,2023-07-13T16:00:00,19.28
1769,23,2023-07-13T17:00:00,19.32
1770,23,2023-07-13T18:00:00,18.84
1771,23,2023-07-13T19:00:00,17.93
1772,23,2023-07-13T20:00:00,16.2
1773,23,2023-07-13T21:00:00,14.78
1774,23,2023-07-13T22:00:00,14.59
1775,23,2023-07-13T23:00:00,14.11
1776,23,2023-07-14T00:00:00,13.53
1777,23,2023-07-14T01:00:00,12.34
1778,23,2023-07-14T02:00:00,11.25
1779,23,2023-07-14T03:00:00,10.61
1780,23,2023-07-14T04:00:00,10.14
1781,23,2023-07-14T05:00:00,10.71
1782,23,2023-07-14T06:00:00,13.37
1783,23,2023-07-14T07:00:00,15.84
1784,23,2023-07-14T08:00:00,17.0
1785,23,2023-07-14T09:00:00,18.28
1786,23,2023-07-14T10:00:00,19.6
1787,23,2023-07-14T11:00:00,20.87
1788,23,2023-07-14T12:00:00,21.68
1789,23,2023-07-14T13:00:00,22.36
1790,23,2023-07-14T14:00:00,22.7
1791,23,2023-07-14T15:00:00,23.51
1792,23,2023-07-14T16:00:00,24.36
1793,23,2023-07-14T17:00:00,24.61
1794,23,2023-07-14T18:00:00,24.61
1795,23,2023-07-14T19:00:00,23.17
1796,23,2023-07-14T20:00:00,21.26
1797,23,2023-07-14T21:00:00,20.08
1798,23,2023-07-14T22:00:00,19.4
1799,23,2023-07-14T23:00:00,19.11
1800,23,2023-07-15T00:00:00,19.7
1801,23,2023-07-15T01:00:00,19.82
1802,23,2023-07-15T02:00:00,19.58
1803,23,2023-07-15T03:00:00,19.1
1804,23,2023-07-15T04:00:00,18.04
1805,23,2023-07-15T05:00:00,17.7
1806,23,2023-07-15T06:00:00,19.27
1807,23,2023-07-15T07:00:00,19.87
1808,23,2023-07-15T08:00:00,19.17
1809,23,2023-07-15T09:00:00,18.61
1810,23,2023-07-15T10:00:00,19.62
1811,23,2023-07-15T11:00:00,20.45
1812,23,2023-07-15T12:00:00,20.93
1813,23,2023-07-15T13:00:00,21.09
1814,23,2023-07-15T14:00:00,21.1
1815,23,2023-07-15T15:00:00,22.06
1816,23,2023-07-15T16:00:00,22.62
1817,23,2023-07-15T17:00:00,21.67
1818,23,2023-07-15T18:00:00,19.2
1819,23,2023-07-15T19:00:00,16.47
1820,23,2023-07-15T20:00:00,16.68
1821,23,2023-07-15T21:00:00,16.63
1822,23,2023-07-15T22:00:00,16.48
1823,23,2023-07-15T23:00:00,16.01
1824,23,2023-07-16T00:00:00,15.44
1825,23,2023-07-16T01:00:00,14.71
1826,23,2023-07-16T02:00:00,14.19
1827,23,2023-07-16T03:00:00,13.75
1828,23,2023-07-16T04:00:00,13.09
1829,23,2023-07-16T05:00:00,12.97
1830,23,2023-07-16T06:00:00,13.49
1831,23,2023-07-16T07:00:00,14.49
1832,23,2023-07-16T08:00:00,15.7
1833,23,2023-07-16T09:00:00,17.0
1834,23,2023-07-16T10:00:00,17.93
1835,23,2023-07-16T11:00:00,18.7
1836,23,2023-07-16T12:00:00,19.09
1837,23,2023-07-16T13:00:00,19.44
1838,23,2023-07-16T14:00:00,19.91
1839,23,2023-07-16T15:00:00,20.15
1840,23,2023-07-16T16:00:00,20.19
1841,23,2023-07-16T17:00:00,19.89
1842,23,2023-07-16T18:00:00,19.55
1843,23,2023-07-16T19:00:00,17.96
1844,23,2023-07-16T20:00:00,16.41
1845,23,2023-07-16T21:00:00,15.79
1846,23,2023-07-16T22:00:00,15.08
1847,23,2023-07-16T23:00:00,14.58
1848,23,2023-07-17T00:00:00,14.18
1849,23,2023-07-17T01:00:00,13.32
1850,23,2023-07-17T02:00:00,12.87
1851,23,2023-07-17T03:00:00,12.04
1852,23,2023-07-17T04:00:00,11.44
1853,23,2023-07-17T05:00:00,11.86
1854,23,2023-07-17T06:00:00,12.98
1855,23,2023-07-17T07:00:00,14.64
1856,23,2023-07-17T08:00:00,15.76
1857,23,2023-07-17T09:00:00,16.25
1858,23,2023-07-17T10:00:00,17.29
1859,23,2023-07-17T11:00:00,17.77
1860,23,2023-07-17T12:00:00,18.85
1861,23,2023-07-17T13:00:00,19.02
1862,23,2023-07-17T14:00:00,19.51
1863,23,2023-07-17T15:00:00,19.58
1864,23,2023-07-17T16:00:00,19.22
1865,23,2023-07-17T17:00:00,19.35
1866,23,2023-07-17T18:00:00,18.73
1867,23,2023-07-17T19:00:00,17.88
1868,23,2023-07-17T20:00:00,15.52
1869,23,2023-07-17T21:00:00,13.78
1870,23,2023-07-17T22:00:00,12.75
1871,23,2023-07-17T23:00:00,11.81
1872,23,2023-07-18T00:00:00,10.5
1873,23,2023-07-18T01:00:00,9.52
1874,23,2023-07-18T02:00:00,8.74
1875,23,2023-07-18T03:00:00,8.25
1876,23,2023-07-18T04:00:00,8.16
1877,23,2023-07-18T05:00:00,8.88
1878,23,2023-07-18T06:00:00,11.67
1879,23,2023-07-18T07:00:00,14.2
1880,23,2023-07-18T08:00:00,16.08
1881,23,2023-07-18T09:00:00,18.05
1882,23,2023-07-18T10:00:00,18.95
1883,23,2023-07-18T11:00:00,19.85
1884,23,2023-07-18T12:00:00,21.2
1885,23,2023-07-18T13:00:00,22.27
1886,23,2023-07-18T14:00:00,22.83
1887,23,2023-07-18T15:00:00,23.28
1888,23,2023-07-18T16:00:00,23.51
1889,23,2023-07-18T17:00:00,23.61
1890,23,2023-07-18T18:00:00,22.94
1891,23,2023-07-18T19:00:00,21.68
1892,23,2023-07-18T20:00:00,18.76
1893,23,2023-07-18T21:00:00,16.36
1894,23,2023-07-18T22:00:00,14.88
1895,23,2023-07-18T23:00:00,14.12
1896,23,2023-07-19T00:00:00,13.46
1897,23,2023-07-19T01:00:00,13.11
1898,23,2023-07-19T02:00:00,12.0
1899,23,2023-07-19T03:00:00,11.72
1900,23,2023-07-19T04:00:00,11.53
1901,23,2023-07-19T05:00:00,11.43
1902,23,2023-07-19T06:00:00,13.32
1903,23,2023-07-19T07:00:00,15.35
1904,23,2023-07-19T08:00:00,16.29
1905,23,2023-07-19T09:00:00,16.88
1906,23,2023-07-19T10:00:00,18.54
1907,23,2023-07-19T11:00:00,19.9
1908,23,2023-07-19T12:00:00,20.03
1909,23,2023-07-19T13:00:00,20.24
1910,23,2023-07-19T14:00:00,20.07
1911,23,2023-07-19T15:00:00,19.75
1912,23,2023-07-19T16:00:00,19.03
1913,23,2023-07-19T17:00:00,18.8
1914,23,2023-07-19T18:00:00,18.18
1915,23,2023-07-19T19:00:00,17.46
1916,23,2023-07-19T20:00:00,16.38
1917,23,2023-07-19T21:00:00,15.4
1918,23,2023-07-19T22:00:00,14.79
1919,23,2023-07-19T23:00:00,14.47
1920,23,2023-07-20T00:00:00,13.63
1921,23,2023-07-20T01:00:00,12.94
1922,23,2023-07-20T02:00:00,12.62
1923,23,2023-07-20T03:00:00,12.33
1924,23,2023-07-20T04:00:00,12.68
1925,23,2023-07-20T05:00:00,12.64
1926,23,2023-07-20T06:00:00,13.03
1927,23,2023-07-20T07:00:00,13.93
1928,23,2023-07-20T08:00:00,15.17
1929,23,2023-07-20T09:00:00,16.12
1930,23,2023-07-20T10:00:00,17.31
1931,23,2023-07-20T11:00:00,18.27
1932,23,2023-07-20T12:00:00,18.85
1933,23,2023-07-20T13:00:00,19.4
1934,23,2023-07-20T14:00:00,19.68
1935,23,2023-07-20T15:00:00,20.02
1936,23,2023-07-20T16:00:00,20.09
1937,23,2023-07-20T17:00:00,19.7
1938,23,2023-07-20T18:00:00,19.08
1939,23,2023-07-20T19:00:00,17.04
1940,23,2023-07-20T20:00:00,15.23
1941,23,2023-07-20T21:00:00,13.79
1942,23,2023-07-20T22:00:00,13.09
1943,23,2023-07-20T23:00:00,12.9
1944,23,2023-07-21T00:00:00,12.57
1945,23,2023-07-21T01:00:00,12.29
1946,23,2023-07-21T02:00:00,12.24
1947,23,2023-07-21T03:00:00,12.15
1948,23,2023-07-21T04:00:00,11.86
1949,23,2023-07-21T05:00:00,12.09
1950,23,2023-07-21T06:00:00,12.59
1951,23,2023-07-21T07:00:00,13.65
1952,23,2023-07-21T08:00:00,14.58
1953,23,2023-07-21T09:00:00,15.53
1954,23,2023-07-21T10:00:00,16.54
1955,23,2023-07-21T11:00:00,16.87
1956,23,2023-07-21T12:00:00,17.84
1957,23,2023-07-21T13:00:00,17.83
1958,23,2023-07-21T14:00:00,16.99
1959,23,2023-07-21T15:00:00,15.29
1960,23,2023-07-21T16:00:00,15.52
1961,23,2023-07-21T17:00:00,16.05
1962,23,2023-07-21T18:00:00,16.2
1963,23,2023-07-21T19:00:00,15.51
1964,23,2023-07-21T20:00:00,13.84
1965,23,2023-07-21T21:00:00,11.74
1966,23,2023-07-21T22:00:00,10.22
1967,23,2023-07-21T23:00:00,9.34
1968,23,2023-07-22T00:00:00,8.52
1969,23,2023-07-22T01:00:00,7.86
1970,23,2023-07-22T02:00:00,7.54
1971,23,2023-07-22T03:00:00,7.32
1972,23,2023-07-22T04:00:00,7.02
1973,23,2023-07-22T05:00:00,7.28
1974,23,2023-07-22T06:00:00,9.49
1975,23,2023-07-22T07:00:00,11.92
1976,23,2023-07-22T08:00:00,14.18
1977,23,2023-07-22T09:00:00,15.46
1978,23,2023-07-22T10:00:00,16.56
1979,23,2023-07-22T11:00:00,17.91
1980,23,2023-07-22T12:00:00,18.79
1981,23,2023-07-22T13:00:00,19.5
1982,23,2023-07-22T14:00:00,20.04
1983,23,2023-07-22T15:00:00,19.93
1984,23,2023-07-22T16:00:00,19.49
1985,23,2023-07-22T17:00:00,18.96
1986,23,2023-07-22T18:00:00,18.62
1987,23,2023-07-22T19:00:00,17.95
1988,23,2023-07-22T20:00:00,16.3
1989,23,2023-07-22T21:00:00,15.46
1990,23,2023-07-22T22:00:00,15.4
1991,23,2023-07-22T23:00:00,15.28
1992,23,2023-07-23T00:00:00,15.13
1993,23,2023-07-23T01:00:00,15.08
1994,23,2023-07-23T02:00:00,15.13
1995,23,2023-07-23T03:00:00,15.26
1996,23,2023-07-23T04:00:00,14.86
1997,23,2023-07-23T05:00:00,14.75
1998,23,2023-07-23T06:00:00,14.92
1999,23,2023-07-23T07:00:00,14.44
2000,23,2023-07-23T08:00:00,13.69
2001,23,2023-07-23T09:00:00,13.8
2002,23,2023-07-23T10:00:00,14.44
2003,23,2023-07-23T11:00:00,14.99
2004,23,2023-07-23T12:00:00,15.84
2005,23,2023-07-23T13:00:00,16.75
2006,23,2023-07-23T14:00:00,17.15
2007,23,2023-07-23T15:00:00,17.7
2008,23,2023-07-23T16:00:00,17.81
2009,23,2023-07-23T17:00:00,17.44
2010,23,2023-07-23T18:00:00,16.88
2011,23,2023-07-23T19:00:00,16.67
2012,23,2023-07-23T20:00:00,16.67
2013,23,2023-07-23T21:00:00,16.58
2014,23,2023-07-23T22:00:00,16.38
2015,23,2023-07-23T23:00:00,16.27
2016,23,2023-07-24T00:00:00,16.05
2017,23,2023-07-24T01:00:00,15.98
2018,23,2023-07-24T02:00:00,15.99
2019,23,2023-07-24T03:00:00,15.58
2020,23,2023-07-24T04:00:00,15.25
2021,23,2023-07-24T05:00:00,15.07
2022,23,2023-07-24T06:00:00,15.59
2023,23,2023-07-24T07:00:00,15.54
2024,23,2023-07-24T08:00:00,16.04
2025,23,2023-07-24T09:00:00,16.94
2026,23,2023-07-24T10:00:00,17.06
2027,23,2023-07-24T11:00:00,17.29
2028,23,2023-07-24T12:00:00,18.0
2029,23,2023-07-24T13:00:00,17.51
2030,23,2023-07-24T14:00:00,15.88
2031,23,2023-07-24T15:00:00,16.18
2032,23,2023-07-24T16:00:00,16.59
2033,23,2023-07-24T17:00:00,15.85
2034,23,2023-07-24T18:00:00,15.78
2035,23,2023-07-24T19:00:00,15.41
2036,23,2023-07-24T20:00:00,14.36
2037,23,2023-07-24T21:00:00,13.68
2038,23,2023-07-24T22:00:00,12.96
2039,23,2023-07-24T23:00:00,12.66
2040,23,2023-07-25T00:00:00,12.51
2041,23,2023-07-25T01:00:00,12.35
2042,23,2023-07-25T02:00:00,12.25
2043,23,2023-07-25T03:00:00,12.01
2044,23,2023-07-25T04:00:00,11.68
2045,23,2023-07-25T05:00:00,11.51
2046,23,2023-07-25T06:00:00,11.66
2047,23,2023-07-25T07:00:00,11.93
2048,23,2023-07-25T08:00:00,12.38
2049,23,2023-07-25T09:00:00,13.04
2050,23,2023-07-25T10:00:00,13.41
2051,23,2023-07-25T11:00:00,14.19
2052,23,2023-07-25T12:00:00,14.54
2053,23,2023-07-25T13:00:00,14.82
2054,23,2023-07-25T14:00:00,15.0
2055,23,2023-07-25T15:00:00,14.68
2056,23,2023-07-25T16:00:00,14.9
2057,23,2023-07-25T17:00:00,15.42
2058,23,2023-07-25T18:00:00,14.77
2059,23,2023-07-25T19:00:00,13.94
2060,23,2023-07-25T20:00:00,12.27
2061,23,2023-07-25T21:00:00,10.91
2062,23,2023-07-25T22:00:00,10.68
2063,23,2023-07-25T23:00:00,10.42
2064,23,2023-07-26T00:00:00,10.36
2065,23,2023-07-26T01:00:00,10.2
2066,23,2023-07-26T02:00:00,9.9
2067,23,2023-07-26T03:00:00,9.83
2068,23,2023-07-26T04:00:00,9.61
2069,23,2023-07-26T05:00:00,10.03
2070,23,2023-07-26T06:00:00,10.79
2071,23,2023-07-26T07:00:00,11.71
2072,23,2023-07-26T08:00:00,12.29
2073,23,2023-07-26T09:00:00,14.05
2074,23,2023-07-26T10:00:00,14.94
2075,23,2023-07-26T11:00:00,15.7
2076,23,2023-07-26T12:00:00,16.27
2077,23,2023-07-26T13:00:00,16.83
2078,23,2023-07-26T14:00:00,17.92
2079,23,2023-07-26T15:00:00,18.47
2080,23,2023-07-26T16:00:00,18.65
2081,23,2023-07-26T17:00:00,18.25
2082,23,2023-07-26T18:00:00,17.53
2083,23,2023-07-26T19:00:00,16.46
2084,23,2023-07-26T20:00:00,14.85
2085,23,2023-07-26T21:00:00,13.91
2086,23,2023-07-26T22:00:00,13.48
2087,23,2023-07-26T23:00:00,13.62
2088,23,2023-07-27T00:00:00,14.07
2089,23,2023-07-27T01:00:00,13.92
2090,23,2023-07-27T02:00:00,13.26
2091,23,2023-07-27T03:00:00,12.73
2092,23,2023-07-27T04:00:00,12.63
2093,23,2023-07-27T05:00:00,12.82
2094,23,2023-07-27T06:00:00,13.34
2095,23,2023-07-27T07:00:00,13.97
2096,23,2023-07-27T08:00:00,14.6
2097,23,2023-07-27T09:00:00,15.08
2098,23,2023-07-27T10:00:00,15.35
2099,23,2023-07-27T11:00:00,15.58
2100,23,2023-07-27T12:00:00,15.86
2101,23,2023-07-27T13:00:00,16.08
2102,23,2023-07-27T14:00:00,16.19
2103,23,2023-07-27T15:00:00,16.24
2104,23,2023-07-27T16:00:00,16.43
2105,23,2023-07-27T17:00:00,16.28
2106,23,2023-07-27T18:00:00,15.97
2107,23,2023-07-27T19:00:00,15.51
2108,23,2023-07-27T20:00:00,15.12
2109,23,2023-07-27T21:00:00,15.08
2110,23,2023-07-27T22:00:00,15.05
2111,23,2023-07-27T23:00:00,15.17
2112,23,2023-07-28T00:00:00,15.33
2113,23,2023-07-28T01:00:00,15.49
2114,23,2023-07-28T02:00:00,15.52
2115,23,2023-07-28T03:00:00,15.6
2116,23,2023-07-28T04:00:00,15.63
2117,23,2023-07-28T05:00:00,15.67
2118,23,2023-07-28T06:00:00,15.86
2119,23,2023-07-28T07:00:00,16.16
2120,23,2023-07-28T08:00:00,16.67
2121,23,2023-07-28T09:00:00,17.15
2122,23,2023-07-28T10:00:00,17.47
2123,23,2023-07-28T11:00:00,17.58
2124,23,2023-07-28T12:00:00,17.91
2125,23,2023-07-28T13:00:00,18.09
2126,23,2023-07-28T14:00:00,18.11
2127,23,2023-07-28T15:00:00,19.45
2128,23,2023-07-28T16:00:00,19.94
2129,23,2023-07-28T17:00:00,19.96
2130,23,2023-07-28T18:00:00,19.4
2131,23,2023-07-28T19:00:00,18.45
2132,23,2023-07-28T20:00:00,17.79
2133,23,2023-07-28T21:00:00,17.5
2134,23,2023-07-28T22:00:00,16.99
2135,23,2023-07-28T23:00:00,17.04
2136,23,2023-07-29T00:00:00,16.99
2137,23,2023-07-29T01:00:00,16.78
2138,23,2023-07-29T02:00:00,16.51
2139,23,2023-07-29T03:00:00,16.04
2140,23,2023-07-29T04:00:00,15.31
2141,23,2023-07-29T05:00:00,14.94
2142,23,2023-07-29T06:00:00,15.09
2143,23,2023-07-29T07:00:00,15.46
2144,23,2023-07-29T08:00:00,16.0
2145,23,2023-07-29T09:00:00,16.29
2146,23,2023-07-29T10:00:00,17.03
2147,23,2023-07-29T11:00:00,18.04
2148,23,2023-07-29T12:00:00,19.22
2149,23,2023-07-29T13:00:00,18.68
2150,23,2023-07-29T14:00:00,19.81
2151,23,2023-07-29T15:00:00,20.43
2152,23,2023-07-29T16:00:00,19.79
2153,23,2023-07-29T17:00:00,19.71
2154,23,2023-07-29T18:00:00,18.85
2155,23,2023-07-29T19:00:00,18.05
2156,23,2023-07-29T20:00:00,16.83
2157,23,2023-07-29T21:00:00,15.49
2158,23,2023-07-29T22:00:00,14.72
2159,23,2023-07-29T23:00:00,14.2
2160,23,2023-07-30T00:00:00,13.56
2161,23,2023-07-30T01:00:00,13.8
2162,23,2023-07-30T02:00:00,14.13
2163,23,2023-07-30T03:00:00,13.78
2164,23,2023-07-30T04:00:00,13.0
2165,23,2023-07-30T05:00:00,12.48
2166,23,2023-07-30T06:00:00,12.6
2167,23,2023-07-30T07:00:00,12.97
2168,23,2023-07-30T08:00:00,13.61
2169,23,2023-07-30T09:00:00,14.66
2170,23,2023-07-30T10:00:00,15.82
2171,23,2023-07-30T11:00:00,15.83
2172,23,2023-07-30T12:00:00,16.4
2173,23,2023-07-30T13:00:00,17.08
2174,23,2023-07-30T14:00:00,17.9
2175,23,2023-07-30T15:00:00,18.65
2176,23,2023-07-30T16:00:00,18.75
2177,23,2023-07-30T17:00:00,16.99
2178,23,2023-07-30T18:00:00,15.79
2179,23,2023-07-30T19:00:00,14.76
2180,23,2023-07-30T20:00:00,14.66
2181,23,2023-07-30T21:00:00,14.42
2182,23,2023-07-30T22:00:00,14.17
2183,23,2023-07-30T23:00:00,14.59
2184,23,2023-07-31T00:00:00,14.78
2185,23,2023-07-31T01:00:00,14.67
2186,23,2023-07-31T02:00:00,14.64
2187,23,2023-07-31T03:00:00,14.7
2188,23,2023-07-31T04:00:00,14.8
2189,23,2023-07-31T05:00:00,14.83
2190,23,2023-07-31T06:00:00,14.8
2191,23,2023-07-31T07:00:00,14.79
2192,23,2023-07-31T08:00:00,14.8
2193,23,2023-07-31T09:00:00,14.77
2194,23,2023-07-31T10:00:00,14.78
2195,23,2023-07-31T11:00:00,15.2
2196,23,2023-07-31T12:00:00,15.59
2197,23,2023-07-31T13:00:00,16.2
2198,23,2023-07-31T14:00:00,16.32
2199,23,2023-07-31T15:00:00,15.87
2200,23,2023-07-31T16:00:00,15.4
2201,23,2023-07-31T17:00:00,15.32
2202,23,2023-07-31T18:00:00,15.29
2203,23,2023-07-31T19:00:00,15.32
2204,23,2023-07-31T20:00:00,15.44
2205,23,2023-07-31T21:00:00,15.44
2206,23,2023-07-31T22:00:00,15.46
2207,23,2023-07-31T23:00:00,15.57
2208,23,2023-08-01T00:00:00,15.6
2209,23,2023-08-01T01:00:00,15.51
2210,23,2023-08-01T02:00:00,14.9
2211,23,2023-08-01T03:00:00,13.98
2212,23,2023-08-01T04:00:00,13.46
2213,23,2023-08-01T05:00:00,13.09
2214,23,2023-08-01T06:00:00,13.15
2215,23,2023-08-01T07:00:00,13.47
2216,23,2023-08-01T08:00:00,13.76
2217,23,2023-08-01T09:00:00,14.21
2218,23,2023-08-01T10:00:00,15.27
2219,23,2023-08-01T11:00:00,16.08
2220,23,2023-08-01T12:00:00,15.81
2221,23,2023-08-01T13:00:00,15.64
2222,23,2023-08-01T14:00:00,16.17
2223,23,2023-08-01T15:00:00,16.91
2224,23,2023-08-01T16:00:00,16.72
2225,23,2023-08-01T17:00:00,15.97
2226,23,2023-08-01T18:00:00,15.71
2227,23,2023-08-01T19:00:00,14.98
2228,23,2023-08-01T20:00:00,13.91
2229,23,2023-08-01T21:00:00,13.58
2230,23,2023-08-01T22:00:00,13.65
2231,23,2023-08-01T23:00:00,13.18
2232,23,2023-08-02T00:00:00,13.06
2233,23,2023-08-02T01:00:00,13.14
2234,23,2023-08-02T02:00:00,13.52
2235,23,2023-08-02T03:00:00,13.83
2236,23,2023-08-02T04:00:00,13.82
2237,23,2023-08-02T05:00:00,13.77
2238,23,2023-08-02T06:00:00,13.98
2239,23,2023-08-02T07:00:00,14.56
2240,23,2023-08-02T08:00:00,15.31
2241,23,2023-08-02T09:00:00,16.04
2242,23,2023-08-02T10:00:00,17.41
2243,23,2023-08-02T11:00:00,18.26
2244,23,2023-08-02T12:00:00,18.49
2245,23,2023-08-02T13:00:00,19.31
2246,23,2023-08-02T14:00:00,19.56
2247,23,2023-08-02T15:00:00,19.91
2248,23,2023-08-02T16:00:00,18.93
2249,23,2023-08-02T17:00:00,16.73
2250,23,2023-08-02T18:00:00,16.72
2251,23,2023-08-02T19:00:00,16.3
2252,23,2023-08-02T20:00:00,15.71
2253,23,2023-08-02T21:00:00,15.51
2254,23,2023-08-02T22:00:00,14.66
2255,23,2023-08-02T23:00:00,14.39
2256,23,2023-08-03T00:00:00,14.37
2257,23,2023-08-03T01:00:00,14.16
2258,23,2023-08-03T02:00:00,14.05
2259,23,2023-08-03T03:00:00,14.05
2260,23,2023-08-03T04:00:00,13.98
2261,23,2023-08-03T05:00:00,13.89
2262,23,2023-08-03T06:00:00,13.75
2263,23,2023-08-03T07:00:00,13.67
2264,23,2023-08-03T08:00:00,14.03
2265,23,2023-08-03T09:00:00,14.34
2266,23,2023-08-03T10:00:00,14.67
2267,23,2023-08-03T11:00:00,14.94
2268,23,2023-08-03T12:00:00,15.43
2269,23,2023-08-03T13:00:00,15.78
2270,23,2023-08-03T14:00:00,15.51
2271,23,2023-08-03T15:00:00,15.77
2272,23,2023-08-03T16:00:00,15.29
2273,23,2023-08-03T17:00:00,14.96
2274,23,2023-08-03T18:00:00,14.33
2275,23,2023-08-03T19:00:00,14.05
2276,23,2023-08-03T20:00:00,13.48
2277,23,2023-08-03T21:00:00,13.32
2278,23,2023-08-03T22:00:00,12.93
2279,23,2023-08-03T23:00:00,12.6
2280,23,2023-08-04T00:00:00,12.22
2281,23,2023-08-04T01:00:00,11.9
2282,23,2023-08-04T02:00:00,11.27
2283,23,2023-08-04T03:00:00,10.84
2284,23,2023-08-04T04:00:00,10.83
2285,23,2023-08-04T05:00:00,11.05
2286,23,2023-08-04T06:00:00,11.54
2287,23,2023-08-04T07:00:00,12.18
2288,23,2023-08-04T08:00:00,13.13
2289,23,2023-08-04T09:00:00,14.16
2290,23,2023-08-04T10:00:00,15.08
2291,23,2023-08-04T11:00:00,15.68
2292,23,2023-08-04T12:00:00,16.38
2293,23,2023-08-04T13:00:00,16.98
2294,23,2023-08-04T14:00:00,17.55
2295,23,2023-08-04T15:00:00,17.51
2296,23,2023-08-04T16:00:00,16.98
2297,23,2023-08-04T17:00:00,17.18
2298,23,2023-08-04T18:00:00,16.81
2299,23,2023-08-04T19:00:00,15.62
2300,23,2023-08-04T20:00:00,14.36
2301,23,2023-08-04T21:00:00,13.61
2302,23,2023-08-04T22:00:00,12.81
2303,23,2023-08-04T23:00:00,12.37
2304,23,2023-08-05T00:00:00,12.27
2305,23,2023-08-05T01:00:00,12.02
2306,23,2023-08-05T02:00:00,11.39
2307,23,2023-08-05T03:00:00,10.93
2308,23,2023-08-05T04:00:00,10.61
2309,23,2023-08-05T05:00:00,10.38
2310,23,2023-08-05T06:00:00,11.08
2311,23,2023-08-05T07:00:00,12.29
2312,23,2023-08-05T08:00:00,13.5
2313,23,2023-08-05T09:00:00,14.44
2314,23,2023-08-05T10:00:00,14.91
2315,23,2023-08-05T11:00:00,15.84
2316,23,2023-08-05T12:00:00,15.91
2317,23,2023-08-05T13:00:00,14.82
2318,23,2023-08-05T14:00:00,14.14
2319,23,2023-08-05T15:00:00,14.36
2320,23,2023-08-05T16:00:00,13.98
2321,23,2023-08-05T17:00:00,13.71
2322,23,2023-08-05T18:00:00,13.4
2323,23,2023-08-05T19:00:00,13.47
2324,23,2023-08-05T20:00:00,13.28
2325,23,2023-08-05T21:00:00,13.18
2326,23,2023-08-05T22:00:00,12.99
2327,23,2023-08-05T23:00:00,12.87
2328,23,2023-08-06T00:00:00,12.61
2329,23,2023-08-06T01:00:00,12.48
2330,23,2023-08-06T02:00:00,12.41
2331,23,2023-08-06T03:00:00,12.54
2332,23,2023-08-06T04:00:00,12.54
2333,23,2023-08-06T05:00:00,12.32
2334,23,2023-08-06T06:00:00,12.26
2335,23,2023-08-06T07:00:00,12.25
2336,23,2023-08-06T08:00:00,11.97
2337,23,2023-08-06T09:00:00,11.82
2338,23,2023-08-06T10:00:00,11.82
2339,23,2023-08-06T11:00:00,11.99
2340,23,2023-08-06T12:00:00,11.97
2341,23,2023-08-06T13:00:00,12.05
2342,23,2023-08-06T14:00:00,11.92
2343,23,2023-08-06T15:00:00,11.94
2344,23,2023-08-06T16:00:00,11.46
2345,23,2023-08-06T17:00:00,11.36
2346,23,2023-08-06T18:00:00,11.39
2347,23,2023-08-06T19:00:00,11.25
2348,23,2023-08-06T20:00:00,10.87
2349,23,2023-08-06T21:00:00,10.67
2350,23,2023-08-06T22:00:00,10.26
2351,23,2023-08-06T23:00:00,9.91
2352,23,2023-08-07T00:00:00,9.92
2353,23,2023-08-07T01:00:00,9.86
2354,23,2023-08-07T02:00:00,9.86
2355,23,2023-08-07T03:00:00,9.67
2356,23,2023-08-07T04:00:00,9.33
2357,23,2023-08-07T05:00:00,9.08
2358,23,2023-08-07T06:00:00,9.23
2359,23,2023-08-07T07:00:00,10.0
2360,23,2023-08-07T08:00:00,11.21
2361,23,2023-08-07T09:00:00,12.44
2362,23,2023-08-07T10:00:00,13.26
2363,23,2023-08-07T11:00:00,13.95
2364,23,2023-08-07T12:00:00,14.98
2365,23,2023-08-07T13:00:00,16.01
2366,23,2023-08-07T14:00:00,16.54
2367,23,2023-08-07T15:00:00,16.4
2368,23,2023-08-07T16:00:00,16.44
2369,23,2023-08-07T17:00:00,16.08
2370,23,2023-08-07T18:00:00,15.6
2371,23,2023-08-07T19:00:00,14.67
2372,23,2023-08-07T20:00:00,13.16
2373,23,2023-08-07T21:00:00,11.67
2374,23,2023-08-07T22:00:00,10.29
2375,23,2023-08-07T23:00:00,9.71
2376,23,2023-08-08T00:00:00,10.09
2377,23,2023-08-08T01:00:00,10.24
2378,23,2023-08-08T02:00:00,9.68
2379,23,2023-08-08T03:00:00,9.06
2380,23,2023-08-08T04:00:00,9.52
2381,23,2023-08-08T05:00:00,10.3
2382,23,2023-08-08T06:00:00,10.72
2383,23,2023-08-08T07:00:00,11.43
2384,23,2023-08-08T08:00:00,12.46
2385,23,2023-08-08T09:00:00,13.38
2386,23,2023-08-08T10:00:00,14.3
2387,23,2023-08-08T11:00:00,14.75
2388,23,2023-08-08T12:00:00,14.92
2389,23,2023-08-08T13:00:00,14.89
2390,23,2023-08-08T14:00:00,15.27
2391,23,2023-08-08T15:00:00,15.06
2392,23,2023-08-08T16:00:00,15.18
2393,23,2023-08-08T17:00:00,15.17
2394,23,2023-08-08T18:00:00,14.51
2395,23,2023-08-08T19:00:00,13.75
2396,23,2023-08-08T20:00:00,13.43
2397,23,2023-08-08T21:00:00,13.4
2398,23,2023-08-08T22:00:00,13.37
2399,23,2023-08-08T23:00:00,13.2
2400,23,2023-08-09T00:00:00,13.4
2401,23,2023-08-09T01:00:00,13.46
2402,23,2023-08-09T02:00:00,13.6
2403,23,2023-08-09T03:00:00,13.65
2404,23,2023-08-09T04:00:00,13.63
2405,23,2023-08-09T05:00:00,13.45
2406,23,2023-08-09T06:00:00,13.54
2407,23,2023-08-09T07:00:00,13.09
2408,23,2023-08-09T08:00:00,14.04
2409,23,2023-08-09T09:00:00,15.24
2410,23,2023-08-09T10:00:00,16.32
2411,23,2023-08-09T11:00:00,17.26
2412,23,2023-08-09T12:00:00,18.12
2413,23,2023-08-09T13:00:00,18.65
2414,23,2023-08-09T14:00:00,18.94
2415,23,2023-08-09T15:00:00,19.11
2416,23,2023-08-09T16:00:00,19.12
2417,23,2023-08-09T17:00:00,19.15
2418,23,2023-08-09T18:00:00,18.42
2419,23,2023-08-09T19:00:00,16.8
2420,23,2023-08-09T20:00:00,14.85
2421,23,2023-08-09T21:00:00,12.91
2422,23,2023-08-09T22:00:00,11.72
2423,23,2023-08-09T23:00:00,10.61
2424,23,2023-08-10T00:00:00,9.57
2425,23,2023-08-10T01:00:00,8.84
2426,23,2023-08-10T02:00:00,8.57
2427,23,2023-08-10T03:00:00,8.14
2428,23,2023-08-10T04:00:00,7.96
2429,23,2023-08-10T05:00:00,7.78
2430,23,2023-08-10T06:00:00,9.13
2431,23,2023-08-10T07:00:00,12.54
2432,23,2023-08-10T08:00:00,15.63
2433,23,2023-08-10T09:00:00,17.58
2434,23,2023-08-10T10:00:00,19.13
2435,23,2023-08-10T11:00:00,20.27
2436,23,2023-08-10T12:00:00,21.43
2437,23,2023-08-10T13:00:00,22.19
2438,23,2023-08-10T14:00:00,23.0
2439,23,2023-08-10T15:00:00,23.26
2440,23,2023-08-10T16:00:00,23.31
2441,23,2023-08-10T17:00:00,23.06
2442,23,2023-08-10T18:00:00,22.34
2443,23,2023-08-10T19:00:00,20.39
2444,23,2023-08-10T20:00:00,17.7
2445,23,2023-08-10T21:00:00,16.35
2446,23,2023-08-10T22:00:00,15.33
2447,23,2023-08-10T23:00:00,14.19
2448,23,2023-08-11T00:00:00,13.44
2449,23,2023-08-11T01:00:00,13.27
2450,23,2023-08-11T02:00:00,12.85
2451,23,2023-08-11T03:00:00,12.57
2452,23,2023-08-11T04:00:00,12.2
2453,23,2023-08-11T05:00:00,12.07
2454,23,2023-08-11T06:00:00,13.86
2455,23,2023-08-11T07:00:00,17.28
2456,23,2023-08-11T08:00:00,19.94
2457,23,2023-08-11T09:00:00,22.0
2458,23,2023-08-11T10:00:00,23.56
2459,23,2023-08-11T11:00:00,24.71
2460,23,2023-08-11T12:00:00,25.63
2461,23,2023-08-11T13:00:00,25.94
2462,23,2023-08-11T14:00:00,26.25
2463,23,2023-08-11T15:00:00,26.45
2464,23,2023-08-11T16:00:00,26.44
2465,23,2023-08-11T17:00:00,25.59
2466,23,2023-08-11T18:00:00,24.23
2467,23,2023-08-11T19:00:00,22.4
2468,23,2023-08-11T20:00:00,20.63
2469,23,2023-08-11T21:00:00,19.8
2470,23,2023-08-11T22:00:00,19.38
2471,23,2023-08-11T23:00:00,19.03
2472,23,2023-08-12T00:00:00,18.69
2473,23,2023-08-12T01:00:00,18.27
2474,23,2023-08-12T02:00:00,17.56
2475,23,2023-08-12T03:00:00,17.27
2476,23,2023-08-12T04:00:00,17.22
2477,23,2023-08-12T05:00:00,17.34
2478,23,2023-08-12T06:00:00,17.33
2479,23,2023-08-12T07:00:00,17.54
2480,23,2023-08-12T08:00:00,17.97
2481,23,2023-08-12T09:00:00,18.33
2482,23,2023-08-12T10:00:00,18.5
2483,23,2023-08-12T11:00:00,18.89
2484,23,2023-08-12T12:00:00,19.1
2485,23,2023-08-12T13:00:00,19.79
2486,23,2023-08-12T14:00:00,19.98
2487,23,2023-08-12T15:00:00,20.7
2488,23,2023-08-12T16:00:00,20.78
2489,23,2023-08-12T17:00:00,20.57
2490,23,2023-08-12T18:00:00,19.71
2491,23,2023-08-12T19:00:00,18.11
2492,23,2023-08-12T20:00:00,16.16
2493,23,2023-08-12T21:00:00,15.29
2494,23,2023-08-12T22:00:00,15.18
2495,23,2023-08-12T23:00:00,14.64
2496,23,2023-08-13T00:00:00,14.31
2497,23,2023-08-13T01:00:00,13.71
2498,23,2023-08-13T02:00:00,13.11
2499,23,2023-08-13T03:00:00,12.35
2500,23,2023-08-13T04:00:00,11.88
2501,23,2023-08-13T05:00:00,11.8
2502,23,2023-08-13T06:00:00,12.75
2503,23,2023-08-13T07:00:00,14.55
2504,23,2023-08-13T08:00:00,16.65
2505,23,2023-08-13T09:00:00,18.37
2506,23,2023-08-13T10:00:00,19.06
2507,23,2023-08-13T11:00:00,19.56
2508,23,2023-08-13T12:00:00,20.16
2509,23,2023-08-13T13:00:00,20.5
2510,23,2023-08-13T14:00:00,21.04
2511,23,2023-08-13T15:00:00,21.45
2512,23,2023-08-13T16:00:00,21.49
2513,23,2023-08-13T17:00:00,21.24
2514,23,2023-08-13T18:00:00,19.87
2515,23,2023-08-13T19:00:00,18.23
2516,23,2023-08-13T20:00:00,15.78
2517,23,2023-08-13T21:00:00,14.61
2518,23,2023-08-13T22:00:00,13.75
2519,23,2023-08-13T23:00:00,13.04
2520,23,2023-08-14T00:00:00,12.44
2521,23,2023-08-14T01:00:00,11.77
2522,23,2023-08-14T02:00:00,11.61
2523,23,2023-08-14T03:00:00,11.23
2524,23,2023-08-14T04:00:00,11.03
2525,23,2023-08-14T05:00:00,10.78
2526,23,2023-08-14T06:00:00,12.55
2527,23,2023-08-14T07:00:00,14.24
2528,23,2023-08-14T08:00:00,16.51
2529,23,2023-08-14T09:00:00,19.22
2530,23,2023-08-14T10:00:00,20.8
2531,23,2023-08-14T11:00:00,21.78
2532,23,2023-08-14T12:00:00,22.58
2533,23,2023-08-14T13:00:00,23.52
2534,23,2023-08-14T14:00:00,24.32
2535,23,2023-08-14T15:00:00,23.73
2536,23,2023-08-14T16:00:00,22.94
2537,23,2023-08-14T17:00:00,22.76
2538,23,2023-08-14T18:00:00,22.36
2539,23,2023-08-14T19:00:00,20.99
2540,23,2023-08-14T20:00:00,20.01
2541,23,2023-08-14T21:00:00,19.64
2542,23,2023-08-14T22:00:00,19.25
2543,23,2023-08-14T23:00:00,19.08
2544,23,2023-08-15T00:00:00,19.39
2545,23,2023-08-15T01:00:00,19.08
2546,23,2023-08-15T02:00:00,18.62
2547,23,2023-08-15T03:00:00,17.59
2548,23,2023-08-15T04:00:00,16.72
2549,23,2023-08-15T05:00:00,16.46
2550,23,2023-08-15T06:00:00,16.7
2551,23,2023-08-15T07:00:00,17.69
2552,23,2023-08-15T08:00:00,18.77
2553,23,2023-08-15T09:00:00,19.79
2554,23,2023-08-15T10:00:00,20.94
2555,23,2023-08-15T11:00:00,21.69
2556,23,2023-08-15T12:00:00,22.19
2557,23,2023-08-15T13:00:00,22.35
2558,23,2023-08-15T14:00:00,22.79
2559,23,2023-08-15T15:00:00,22.92
2560,23,2023-08-15T16:00:00,23.06
2561,23,2023-08-15T17:00:00,22.96
2562,23,2023-08-15T18:00:00,22.24
2563,23,2023-08-15T19:00:00,20.99
2564,23,2023-08-15T20:00:00,19.32
2565,23,2023-08-15T21:00:00,18.1
2566,23,2023-08-15T22:00:00,17.39
2567,23,2023-08-15T23:00:00,17.09
2568,23,2023-08-16T00:00:00,16.53
2569,23,2023-08-16T01:00:00,16.45
2570,23,2023-08-16T02:00:00,16.41
2571,23,2023-08-16T03:00:00,16.37
2572,23,2023-08-16T04:00:00,16.28
2573,23,2023-08-16T05:00:00,16.28
2574,23,2023-08-16T06:00:00,16.5
2575,23,2023-08-16T07:00:00,17.11
2576,23,2023-08-16T08:00:00,18.12
2577,23,2023-08-16T09:00:00,19.16
2578,23,2023-08-16T10:00:00,19.1
2579,23,2023-08-16T11:00:00,20.12
2580,23,2023-08-16T12:00:00,21.32
2581,23,2023-08-16T13:00:00,21.91
2582,23,2023-08-16T14:00:00,21.98
2583,23,2023-08-16T15:00:00,21.79
2584,23,2023-08-16T16:00:00,21.21
2585,23,2023-08-16T17:00:00,20.54
2586,23,2023-08-16T18:00:00,19.92
2587,23,2023-08-16T19:00:00,19.35
2588,23,2023-08-16T20:00:00,18.74
2589,23,2023-08-16T21:00:00,18.28
2590,23,2023-08-16T22:00:00,17.99
2591,23,2023-08-16T23:00:00,18.04
2592,23,2023-08-17T00:00:00,17.86
2593,23,2023-08-17T01:00:00,17.48
2594,23,2023-08-17T02:00:00,17.25
2595,23,2023-08-17T03:00:00,17.06
2596,23,2023-08-17T04:00:00,16.79
2597,23,2023-08-17T05:00:00,16.59
2598,23,2023-08-17T06:00:00,16.49
2599,23,2023-08-17T07:00:00,16.65
2600,23,2023-08-17T08:00:00,16.95
2601,23,2023-08-17T09:00:00,17.61
2602,23,2023-08-17T10:00:00,18.2
2603,23,2023-08-17T11:00:00,18.76
2604,23,2023-08-17T12:00:00,19.25
2605,23,2023-08-17T13:00:00,20.0
2606,23,2023-08-17T14:00:00,20.94
2607,23,2023-08-17T15:00:00,20.99
2608,23,2023-08-17T16:00:00,21.03
2609,23,2023-08-17T17:00:00,20.4
2610,23,2023-08-17T18:00:00,19.43
2611,23,2023-08-17T19:00:00,18.59
2612,23,2023-08-17T20:00:00,18.17
2613,23,2023-08-17T21:00:00,17.92
2614,23,2023-08-17T22:00:00,17.72
2615,23,2023-08-17T23:00:00,17.38
2616,23,2023-08-18T00:00:00,17.2
2617,23,2023-08-18T01:00:00,17.22
2618,23,2023-08-18T02:00:00,17.14
2619,23,2023-08-18T03:00:00,17.01
2620,23,2023-08-18T04:00:00,16.47
2621,23,2023-08-18T05:00:00,16.01
2622,23,2023-08-18T06:00:00,16.09
2623,23,2023-08-18T07:00:00,17.41
2624,23,2023-08-18T08:00:00,18.98
2625,23,2023-08-18T09:00:00,20.3
2626,23,2023-08-18T10:00:00,21.64
2627,23,2023-08-18T11:00:00,23.11
2628,23,2023-08-18T12:00:00,24.56
2629,23,2023-08-18T13:00:00,25.87
2630,23,2023-08-18T14:00:00,26.56
2631,23,2023-08-18T15:00:00,26.7
2632,23,2023-08-18T16:00:00,26.99
2633,23,2023-08-18T17:00:00,26.75
2634,23,2023-08-18T18:00:00,25.82
2635,23,2023-08-18T19:00:00,24.13
2636,23,2023-08-18T20:00:00,22.53
2637,23,2023-08-18T21:00:00,21.67
2638,23,2023-08-18T22:00:00,21.04
2639,23,2023-08-18T23:00:00,20.86
2640,23,2023-08-19T00:00:00,21.18
2641,23,2023-08-19T01:00:00,21.77
2642,23,2023-08-19T02:00:00,21.78
2643,23,2023-08-19T03:00:00,21.72
2644,23,2023-08-19T04:00:00,21.44
2645,23,2023-08-19T05:00:00,21.19
2646,23,2023-08-19T06:00:00,21.27
2647,23,2023-08-19T07:00:00,21.8
2648,23,2023-08-19T08:00:00,23.03
2649,23,2023-08-19T09:00:00,24.51
2650,23,2023-08-19T10:00:00,24.84
2651,23,2023-08-19T11:00:00,25.27
2652,23,2023-08-19T12:00:00,24.02
2653,23,2023-08-19T13:00:00,22.38
2654,23,2023-08-19T14:00:00,21.44
2655,23,2023-08-19T15:00:00,23.2
2656,23,2023-08-19T16:00:00,23.82
2657,23,2023-08-19T17:00:00,23.66
2658,23,2023-08-19T18:00:00,22.77
2659,23,2023-08-19T19:00:00,21.03
2660,23,2023-08-19T20:00:00,18.83
2661,23,2023-08-19T21:00:00,17.38
2662,23,2023-08-19T22:00:00,16.82
2663,23,2023-08-19T23:00:00,16.55
2664,23,2023-08-20T00:00:00,16.37
2665,23,2023-08-20T01:00:00,16.38
2666,23,2023-08-20T02:00:00,15.75
2667,23,2023-08-20T03:00:00,15.72
2668,23,2023-08-20T04:00:00,15.79
2669,23,2023-08-20T05:00:00,15.59
2670,23,2023-08-20T06:00:00,16.11
2671,23,2023-08-20T07:00:00,17.76
2672,23,2023-08-20T08:00:00,19.61
2673,23,2023-08-20T09:00:00,21.14
2674,23,2023-08-20T10:00:00,22.59
2675,23,2023-08-20T11:00:00,23.8
2676,23,2023-08-20T12:00:00,24.56
2677,23,2023-08-20T13:00:00,25.51
2678,23,2023-08-20T14:00:00,26.0
2679,23,2023-08-20T15:00:00,26.3
2680,23,2023-08-20T16:00:00,26.05
2681,23,2023-08-20T17:00:00,25.69
2682,23,2023-08-20T18:00:00,24.09
2683,23,2023-08-20T19:00:00,22.28
2684,23,2023-08-20T20:00:00,20.92
2685,23,2023-08-20T21:00:00,20.09
2686,23,2023-08-20T22:00:00,19.35
2687,23,2023-08-20T23:00:00,19.0
2688,23,2023-08-21T00:00:00,18.59
2689,23,2023-08-21T01:00:00,18.0
2690,23,2023-08-21T02:00:00,17.13
2691,23,2023-08-21T03:00:00,16.76
2692,23,2023-08-21T04:00:00,16.53
2693,23,2023-08-21T05:00:00,15.46
2694,23,2023-08-21T06:00:00,15.87
2695,23,2023-08-21T07:00:00,17.95
2696,23,2023-08-21T08:00:00,19.6
2697,23,2023-08-21T09:00:00,21.03
2698,23,2023-08-21T10:00:00,22.2
2699,23,2023-08-21T11:00:00,23.08
2700,23,2023-08-21T12:00:00,23.78
2701,23,2023-08-21T13:00:00,24.31
2702,23,2023-08-21T14:00:00,24.68
2703,23,2023-08-21T15:00:00,24.78
2704,23,2023-08-21T16:00:00,24.33
2705,23,2023-08-21T17:00:00,24.0
2706,23,2023-08-21T18:00:00,23.02
2707,23,2023-08-21T19:00:00,20.32
2708,23,2023-08-21T20:00:00,17.87
2709,23,2023-08-21T21:00:00,16.81
2710,23,2023-08-21T22:00:00,16.04
2711,23,2023-08-21T23:00:00,15.58
2712,23,2023-08-22T00:00:00,15.32
2713,23,2023-08-22T01:00:00,15.0
2714,23,2023-08-22T02:00:00,14.21
2715,23,2023-08-22T03:00:00,13.65
2716,23,2023-08-22T04:00:00,13.2
2717,23,2023-08-22T05:00:00,12.46
2718,23,2023-08-22T06:00:00,13.43
2719,23,2023-08-22T07:00:00,16.0
2720,23,2023-08-22T08:00:00,18.09
2721,23,2023-08-22T09:00:00,20.11
2722,23,2023-08-22T10:00:00,21.47
2723,23,2023-08-22T11:00:00,22.09
2724,23,2023-08-22T12:00:00,22.67
2725,23,2023-08-22T13:00:00,23.21
2726,23,2023-08-22T14:00:00,23.38
2727,23,2023-08-22T15:00:00,23.33
2728,23,2023-08-22T16:00:00,22.67
2729,23,2023-08-22T17:00:00,22.44
2730,23,2023-08-22T18:00:00,22.03
2731,23,2023-08-22T19:00:00,19.37
2732,23,2023-08-22T20:00:00,16.56
2733,23,2023-08-22T21:00:00,15.25
2734,23,2023-08-22T22:00:00,14.32
2735,23,2023-08-22T23:00:00,13.62
2736,23,2023-08-23T00:00:00,13.22
2737,23,2023-08-23T01:00:00,12.87
2738,23,2023-08-23T02:00:00,12.58
2739,23,2023-08-23T03:00:00,12.24
2740,23,2023-08-23T04:00:00,12.1
2741,23,2023-08-23T05:00:00,11.77
2742,23,2023-08-23T06:00:00,12.44
2743,23,2023-08-23T07:00:00,15.38
2744,23,2023-08-23T08:00:00,18.11
2745,23,2023-08-23T09:00:00,20.33
2746,23,2023-08-23T10:00:00,21.92
2747,23,2023-08-23T11:00:00,23.06
2748,23,2023-08-23T12:00:00,23.95
2749,23,2023-08-23T13:00:00,24.4
2750,23,2023-08-23T14:00:00,24.84
2751,23,2023-08-23T15:00:00,25.32
2752,23,2023-08-23T16:00:00,25.42
2753,23,2023-08-23T17:00:00,25.1
2754,23,2023-08-23T18:00:00,24.06
2755,23,2023-08-23T19:00:00,20.93
2756,23,2023-08-23T20:00:00,18.94
2757,23,2023-08-23T21:00:00,17.65
2758,23,2023-08-23T22:00:00,17.43
2759,23,2023-08-23T23:00:00,17.18
2760,23,2023-08-24T00:00:00,16.39
2761,23,2023-08-24T01:00:00,16.0
2762,23,2023-08-24T02:00:00,16.46
2763,23,2023-08-24T03:00:00,16.44
2764,23,2023-08-24T04:00:00,16.44
2765,23,2023-08-24T05:00:00,16.72
2766,23,2023-08-24T06:00:00,17.04
2767,23,2023-08-24T07:00:00,18.79
2768,23,2023-08-24T08:00:00,21.03
2769,23,2023-08-24T09:00:00,22.65
2770,23,2023-08-24T10:00:00,23.07
2771,23,2023-08-24T11:00:00,21.56
2772,23,2023-08-24T12:00:00,19.29
2773,23,2023-08-24T13:00:00,18.85
2774,23,2023-08-24T14:00:00,18.24
2775,23,2023-08-24T15:00:00,17.72
2776,23,2023-08-24T16:00:00,17.93
2777,23,2023-08-24T17:00:00,18.74
2778,23,2023-08-24T18:00:00,19.02
2779,23,2023-08-24T19:00:00,18.34
2780,23,2023-08-24T20:00:00,17.23
2781,23,2023-08-24T21:00:00,16.64
2782,23,2023-08-24T22:00:00,16.43
2783,23,2023-08-24T23:00:00,15.68
2784,23,2023-08-25T00:00:00,15.23
2785,23,2023-08-25T01:00:00,15.5
2786,23,2023-08-25T02:00:00,16.1
2787,23,2023-08-25T03:00:00,16.11
2788,23,2023-08-25T04:00:00,15.89
2789,23,2023-08-25T05:00:00,15.73
2790,23,2023-08-25T06:00:00,16.25
2791,23,2023-08-25T07:00:00,16.85
2792,23,2023-08-25T08:00:00,17.8
2793,23,2023-08-25T09:00:00,18.21
2794,23,2023-08-25T10:00:00,18.47
2795,23,2023-08-25T11:00:00,18.72
2796,23,2023-08-25T12:00:00,19.11
2797,23,2023-08-25T13:00:00,19.81
2798,23,2023-08-25T14:00:00,20.58
2799,23,2023-08-25T15:00:00,20.88
2800,23,2023-08-25T16:00:00,20.56
2801,23,2023-08-25T17:00:00,20.11
2802,23,2023-08-25T18:00:00,19.25
2803,23,2023-08-25T19:00:00,18.36
2804,23,2023-08-25T20:00:00,17.65
2805,23,2023-08-25T21:00:00,17.08
2806,23,2023-08-25T22:00:00,16.24
2807,23,2023-08-25T23:00:00,15.31
2808,23,2023-08-26T00:00:00,13.88
2809,23,2023-08-26T01:00:00,12.16
2810,23,2023-08-26T02:00:00,10.73
2811,23,2023-08-26T03:00:00,10.39
2812,23,2023-08-26T04:00:00,9.88
2813,23,2023-08-26T05:00:00,9.76
2814,23,2023-08-26T06:00:00,10.5
2815,23,2023-08-26T07:00:00,11.91
2816,23,2023-08-26T08:00:00,13.44
2817,23,2023-08-26T09:00:00,15.31
2818,23,2023-08-26T10:00:00,16.42
2819,23,2023-08-26T11:00:00,16.83
2820,23,2023-08-26T12:00:00,17.3
2821,23,2023-08-26T13:00:00,18.13
2822,23,2023-08-26T14:00:00,18.24
2823,23,2023-08-26T15:00:00,18.58
2824,23,2023-08-26T16:00:00,18.36
2825,23,2023-08-26T17:00:00,17.49
2826,23,2023-08-26T18:00:00,16.79
2827,23,2023-08-26T19:00:00,14.75
2828,23,2023-08-26T20:00:00,13.62
2829,23,2023-08-26T21:00:00,12.69
2830,23,2023-08-26T22:00:00,11.92
2831,23,2023-08-26T23:00:00,11.56
2832,23,2023-08-27T00:00:00,11.11
2833,23,2023-08-27T01:00:00,10.89
2834,23,2023-08-27T02:00:00,11.09
2835,23,2023-08-27T03:00:00,11.53
2836,23,2023-08-27T04:00:00,11.66
2837,23,2023-08-27T05:00:00,11.54
2838,23,2023-08-27T06:00:00,11.23
2839,23,2023-08-27T07:00:00,12.4
2840,23,2023-08-27T08:00:00,13.38
2841,23,2023-08-27T09:00:00,14.4
2842,23,2023-08-27T10:00:00,15.61
2843,23,2023-08-27T11:00:00,16.9
2844,23,2023-08-27T12:00:00,16.71
2845,23,2023-08-27T13:00:00,17.32
2846,23,2023-08-27T14:00:00,16.45
2847,23,2023-08-27T15:00:00,16.11
2848,23,2023-08-27T16:00:00,15.69
2849,23,2023-08-27T17:00:00,15.08
2850,23,2023-08-27T18:00:00,14.54
2851,23,2023-08-27T19:00:00,13.46
2852,23,2023-08-27T20:00:00,12.04
2853,23,2023-08-27T21:00:00,10.9
2854,23,2023-08-27T22:00:00,10.09
2855,23,2023-08-27T23:00:00,9.56
2856,23,2023-08-28T00:00:00,9.9
2857,23,2023-08-28T01:00:00,9.04
2858,23,2023-08-28T02:00:00,8.6
2859,23,2023-08-28T03:00:00,8.56
2860,23,2023-08-28T04:00:00,7.84
2861,23,2023-08-28T05:00:00,8.49
2862,23,2023-08-28T06:00:00,9.64
2863,23,2023-08-28T07:00:00,10.59
2864,23,2023-08-28T08:00:00,11.67
2865,23,2023-08-28T09:00:00,12.46
2866,23,2023-08-28T10:00:00,13.74
2867,23,2023-08-28T11:00:00,14.46
2868,23,2023-08-28T12:00:00,15.35
2869,23,2023-08-28T13:00:00,15.27
2870,23,2023-08-28T14:00:00,15.2
2871,23,2023-08-28T15:00:00,15.77
2872,23,2023-08-28T16:00:00,15.6
2873,23,2023-08-28T17:00:00,15.07
2874,23,2023-08-28T18:00:00,14.32
2875,23,2023-08-28T19:00:00,13.69
2876,23,2023-08-28T20:00:00,12.97
2877,23,2023-08-28T21:00:00,12.52
2878,23,2023-08-28T22:00:00,12.41
2879,23,2023-08-28T23:00:00,12.23
2880,23,2023-08-29T00:00:00,11.91
2881,23,2023-08-29T01:00:00,11.34
2882,23,2023-08-29T02:00:00,10.71
2883,23,2023-08-29T03:00:00,10.62
2884,23,2023-08-29T04:00:00,11.03
2885,23,2023-08-29T05:00:00,10.83
2886,23,2023-08-29T06:00:00,11.03
2887,23,2023-08-29T07:00:00,11.87
2888,23,2023-08-29T08:00:00,12.55
2889,23,2023-08-29T09:00:00,13.36
2890,23,2023-08-29T10:00:00,14.1
2891,23,2023-08-29T11:00:00,15.0
2892,23,2023-08-29T12:00:00,15.82
2893,23,2023-08-29T13:00:00,16.4
2894,23,2023-08-29T14:00:00,17.13
2895,23,2023-08-29T15:00:00,17.15
2896,23,2023-08-29T16:00:00,16.93
2897,23,2023-08-29T17:00:00,16.02
2898,23,2023-08-29T18:00:00,15.01
2899,23,2023-08-29T19:00:00,13.01
2900,23,2023-08-29T20:00:00,12.48
2901,23,2023-08-29T21:00:00,11.8
2902,23,2023-08-29T22:00:00,11.21
2903,23,2023-08-29T23:00:00,10.49
2904,23,2023-08-30T00:00:00,9.71
2905,23,2023-08-30T01:00:00,9.53
2906,23,2023-08-30T02:00:00,9.73
2907,23,2023-08-30T03:00:00,10.11
2908,23,2023-08-30T04:00:00,10.33
2909,23,2023-08-30T05:00:00,10.67
2910,23,2023-08-30T06:00:00,11.11
2911,23,2023-08-30T07:00:00,11.84
2912,23,2023-08-30T08:00:00,12.55
2913,23,2023-08-30T09:00:00,13.08
2914,23,2023-08-30T10:00:00,13.34
2915,23,2023-08-30T11:00:00,13.07
2916,23,2023-08-30T12:00:00,13.19
2917,23,2023-08-30T13:00:00,13.43
2918,23,2023-08-30T14:00:00,13.4
2919,23,2023-08-30T15:00:00,13.87
2920,23,2023-08-30T16:00:00,14.03
2921,23,2023-08-30T17:00:00,14.04
2922,23,2023-08-30T18:00:00,13.53
2923,23,2023-08-30T19:00:00,12.32
2924,23,2023-08-30T20:00:00,11.29
2925,23,2023-08-30T21:00:00,10.6
2926,23,2023-08-30T22:00:00,10.41
2927,23,2023-08-30T23:00:00,10.12
2928,23,2023-08-31T00:00:00,9.88
2929,23,2023-08-31T01:00:00,9.57
2930,23,2023-08-31T02:00:00,9.25
2931,23,2023-08-31T03:00:00,9.11
2932,23,2023-08-31T04:00:00,8.97
2933,23,2023-08-31T05:00:00,9.11
2934,23,2023-08-31T06:00:00,9.35
2935,23,2023-08-31T07:00:00,10.53
2936,23,2023-08-31T08:00:00,11.85
2937,23,2023-08-31T09:00:00,13.13
2938,23,2023-08-31T10:00:00,14.35
2939,23,2023-08-31T11:00:00,15.44
2940,23,2023-08-31T12:00:00,15.94
2941,23,2023-08-31T13:00:00,16.01
2942,23,2023-08-31T14:00:00,16.08
2943,23,2023-08-31T15:00:00,15.7
2944,23,2023-08-31T16:00:00,15.12
2945,23,2023-08-31T17:00:00,14.41
2946,23,2023-08-31T18:00:00,13.41
2947,23,2023-08-31T19:00:00,12.49
2948,23,2023-08-31T20:00:00,12.24
2949,23,2023-08-31T21:00:00,12.12
2950,23,2023-08-31T22:00:00,12.34
2951,23,2023-08-31T23:00:00,12.46
2952,23,2023-09-01T00:00:00,12.49
2953,23,2023-09-01T01:00:00,12.62
2954,23,2023-09-01T02:00:00,12.84
2955,23,2023-09-01T03:00:00,13.02
2956,23,2023-09-01T04:00:00,13.65
2957,23,2023-09-01T05:00:00,14.08
2958,23,2023-09-01T06:00:00,14.18
2959,23,2023-09-01T07:00:00,14.74
2960,23,2023-09-01T08:00:00,15.29
2961,23,2023-09-01T09:00:00,15.43
2962,23,2023-09-01T10:00:00,15.54
2963,23,2023-09-01T11:00:00,15.56
2964,23,2023-09-01T12:00:00,15.72
2965,23,2023-09-01T13:00:00,16.47
2966,23,2023-09-01T14:00:00,16.95
2967,23,2023-09-01T15:00:00,17.54
2968,23,2023-09-01T16:00:00,18.16
2969,23,2023-09-01T17:00:00,18.23
2970,23,2023-09-01T18:00:00,17.45
2971,23,2023-09-01T19:00:00,15.96
2972,23,2023-09-01T20:00:00,15.23
2973,23,2023-09-01T21:00:00,14.75
2974,23,2023-09-01T22:00:00,14.42
2975,23,2023-09-01T23:00:00,14.42
2976,23,2023-09-02T00:00:00,13.69
2977,23,2023-09-02T01:00:00,13.48
2978,23,2023-09-02T02:00:00,12.84
2979,23,2023-09-02T03:00:00,12.43
2980,23,2023-09-02T04:00:00,12.85
2981,23,2023-09-02T05:00:00,13.24
2982,23,2023-09-02T06:00:00,13.4
2983,23,2023-09-02T07:00:00,14.74
2984,23,2023-09-02T08:00:00,16.42
2985,23,2023-09-02T09:00:00,17.54
2986,23,2023-09-02T10:00:00,19.45
2987,23,2023-09-02T11:00:00,20.92
2988,23,2023-09-02T12:00:00,21.54
2989,23,2023-09-02T13:00:00,22.52
2990,23,2023-09-02T14:00:00,22.69
2991,23,2023-09-02T15:00:00,22.54
2992,23,2023-09-02T16:00:00,22.45
2993,23,2023-09-02T17:00:00,21.81
2994,23,2023-09-02T18:00:00,20.49
2995,23,2023-09-02T19:00:00,18.57
2996,23,2023-09-02T20:00:00,17.67
2997,23,2023-09-02T21:00:00,17.04
2998,23,2023-09-02T22:00:00,16.31
2999,23,2023-09-02T23:00:00,15.83
3000,23,2023-09-03T00:00:00,15.29
3001,23,2023-09-03T01:00:00,14.97
3002,23,2023-09-03T02:00:00,14.51
3003,23,2023-09-03T03:00:00,14.09
3004,23,2023-09-03T04:00:00,13.65
3005,23,2023-09-03T05:00:00,13.18
3006,23,2023-09-03T06:00:00,13.22
3007,23,2023-09-03T07:00:00,14.21
3008,23,2023-09-03T08:00:00,15.52
3009,23,2023-09-03T09:00:00,17.21
3010,23,2023-09-03T10:00:00,18.75
3011,23,2023-09-03T11:00:00,20.29
3012,23,2023-09-03T12:00:00,21.77
3013,23,2023-09-03T13:00:00,22.62
3014,23,2023-09-03T14:00:00,22.86
3015,23,2023-09-03T15:00:00,22.64
3016,23,2023-09-03T16:00:00,22.06
3017,23,2023-09-03T17:00:00,20.91
3018,23,2023-09-03T18:00:00,19.22
3019,23,2023-09-03T19:00:00,17.18
3020,23,2023-09-03T20:00:00,15.44
3021,23,2023-09-03T21:00:00,14.42
3022,23,2023-09-03T22:00:00,14.08
3023,23,2023-09-03T23:00:00,13.7
3024,23,2023-09-04T00:00:00,13.14
3025,23,2023-09-04T01:00:00,12.71
3026,23,2023-09-04T02:00:00,11.83
3027,23,2023-09-04T03:00:00,11.78
3028,23,2023-09-04T04:00:00,12.34
3029,23,2023-09-04T05:00:00,12.06
3030,23,2023-09-04T06:00:00,12.2
3031,23,2023-09-04T07:00:00,14.52
3032,23,2023-09-04T08:00:00,17.24
3033,23,2023-09-04T09:00:00,19.47
3034,23,2023-09-04T10:00:00,21.15
3035,23,2023-09-04T11:00:00,22.38
3036,23,2023-09-04T12:00:00,23.32
3037,23,2023-09-04T13:00:00,23.99
3038,23,2023-09-04T14:00:00,24.57
3039,23,2023-09-04T15:00:00,24.88
3040,23,2023-09-04T16:00:00,24.64
3041,23,2023-09-04T17:00:00,23.96
3042,23,2023-09-04T18:00:00,22.44
3043,23,2023-09-04T19:00:00,20.95
3044,23,2023-09-04T20:00:00,20.14
3045,23,2023-09-04T21:00:00,19.46
3046,23,2023-09-04T22:00:00,19.02
3047,23,2023-09-04T23:00:00,18.08
3048,23,2023-09-05T00:00:00,17.31
3049,23,2023-09-05T01:00:00,16.66
3050,23,2023-09-05T02:00:00,16.09
3051,23,2023-09-05T03:00:00,15.59
3052,23,2023-09-05T04:00:00,15.34
3053,23,2023-09-05T05:00:00,15.29
3054,23,2023-09-05T06:00:00,15.48
3055,23,2023-09-05T07:00:00,17.62
3056,23,2023-09-05T08:00:00,19.99
3057,23,2023-09-05T09:00:00,22.45
3058,23,2023-09-05T10:00:00,24.33
3059,23,2023-09-05T11:00:00,25.8
3060,23,2023-09-05T12:00:00,26.83
3061,23,2023-09-05T13:00:00,27.87
3062,23,2023-09-05T14:00:00,28.35
3063,23,2023-09-05T15:00:00,28.49
3064,23,2023-09-05T16:00:00,28.01
3065,23,2023-09-05T17:00:00,26.99
3066,23,2023-09-05T18:00:00,24.52
3067,23,2023-09-05T19:00:00,22.2
3068,23,2023-09-05T20:00:00,19.88
3069,23,2023-09-05T21:00:00,18.84
3070,23,2023-09-05T22:00:00,17.91
3071,23,2023-09-05T23:00:00,17.2
3072,23,2023-09-06T00:00:00,16.76
3073,23,2023-09-06T01:00:00,16.4
3074,23,2023-09-06T02:00:00,16.08
3075,23,2023-09-06T03:00:00,15.01
3076,23,2023-09-06T04:00:00,14.65
3077,23,2023-09-06T05:00:00,13.79
3078,23,2023-09-06T06:00:00,14.09
3079,23,2023-09-06T07:00:00,16.65
3080,23,2023-09-06T08:00:00,20.84
3081,23,2023-09-06T09:00:00,23.68
3082,23,2023-09-06T10:00:00,25.58
3083,23,2023-09-06T11:00:00,26.59
3084,23,2023-09-06T12:00:00,27.12
3085,23,2023-09-06T13:00:00,27.65
3086,23,2023-09-06T14:00:00,28.14
3087,23,2023-09-06T15:00:00,28.19
3088,23,2023-09-06T16:00:00,27.73
3089,23,2023-09-06T17:00:00,26.73
3090,23,2023-09-06T18:00:00,23.94
3091,23,2023-09-06T19:00:00,20.53
3092,23,2023-09-06T20:00:00,19.53
3093,23,2023-09-06T21:00:00,19.38
3094,23,2023-09-06T22:00:00,17.98
3095,23,2023-09-06T23:00:00,16.88
3096,23,2023-09-07T00:00:00,16.34
3097,23,2023-09-07T01:00:00,16.35
3098,23,2023-09-07T02:00:00,16.15
3099,23,2023-09-07T03:00:00,15.51
3100,23,2023-09-07T04:00:00,15.01
3101,23,2023-09-07T05:00:00,14.76
3102,23,2023-09-07T06:00:00,15.09
3103,23,2023-09-07T07:00:00,17.52
3104,23,2023-09-07T08:00:00,20.19
3105,23,2023-09-07T09:00:00,22.51
3106,23,2023-09-07T10:00:00,24.23
3107,23,2023-09-07T11:00:00,25.32
3108,23,2023-09-07T12:00:00,26.21
3109,23,2023-09-07T13:00:00,27.13
3110,23,2023-09-07T14:00:00,27.59
3111,23,2023-09-07T15:00:00,27.79
3112,23,2023-09-07T16:00:00,27.41
3113,23,2023-09-07T17:00:00,26.41
3114,23,2023-09-07T18:00:00,24.25
3115,23,2023-09-07T19:00:00,21.69
3116,23,2023-09-07T20:00:00,19.53
3117,23,2023-09-07T21:00:00,18.55
3118,23,2023-09-07T22:00:00,18.21
3119,23,2023-09-07T23:00:00,18.07
3120,23,2023-09-08T00:00:00,17.29
3121,23,2023-09-08T01:00:00,16.82
3122,23,2023-09-08T02:00:00,16.55
3123,23,2023-09-08T03:00:00,15.87
3124,23,2023-09-08T04:00:00,15.4
3125,23,2023-09-08T05:00:00,14.75
3126,23,2023-09-08T06:00:00,15.01
3127,23,2023-09-08T07:00:00,17.41
3128,23,2023-09-08T08:00:00,21.17
3129,23,2023-09-08T09:00:00,23.29
3130,23,2023-09-08T10:00:00,25.08
3131,23,2023-09-08T11:00:00,26.2
3132,23,2023-09-08T12:00:00,27.25
3133,23,2023-09-08T13:00:00,27.96
3134,23,2023-09-08T14:00:00,28.34
3135,23,2023-09-08T15:00:00,28.42
3136,23,2023-09-08T16:00:00,28.08
3137,23,2023-09-08T17:00:00,27.17
3138,23,2023-09-08T18:00:00,24.48
3139,23,2023-09-08T19:00:00,21.15
3140,23,2023-09-08T20:00:00,19.55
3141,23,2023-09-08T21:00:00,18.35
3142,23,2023-09-08T22:00:00,17.7
3143,23,2023-09-08T23:00:00,16.93
3144,23,2023-09-09T00:00:00,16.49
3145,23,2023-09-09T01:00:00,16.05
3146,23,2023-09-09T02:00:00,15.65
3147,23,2023-09-09T03:00:00,15.31
3148,23,2023-09-09T04:00:00,15.12
3149,23,2023-09-09T05:00:00,14.83
3150,23,2023-09-09T06:00:00,15.06
3151,23,2023-09-09T07:00:00,17.06
3152,23,2023-09-09T08:00:00,20.56
3153,23,2023-09-09T09:00:00,23.21
3154,23,2023-09-09T10:00:00,25.11
3155,23,2023-09-09T11:00:00,26.31
3156,23,2023-09-09T12:00:00,27.04
3157,23,2023-09-09T13:00:00,27.69
3158,23,2023-09-09T14:00:00,28.17
3159,23,2023-09-09T15:00:00,28.35
3160,23,2023-09-09T16:00:00,28.21
3161,23,2023-09-09T17:00:00,27.22
3162,23,2023-09-09T18:00:00,24.51
3163,23,2023-09-09T19:00:00,21.7
3164,23,2023-09-09T20:00:00,19.99
3165,23,2023-09-09T21:00:00,19.11
3166,23,2023-09-09T22:00:00,18.49
3167,23,2023-09-09T23:00:00,18.05
3168,23,2023-09-10T00:00:00,17.92
3169,23,2023-09-10T01:00:00,17.58
3170,23,2023-09-10T02:00:00,16.97
3171,23,2023-09-10T03:00:00,16.38
3172,23,2023-09-10T04:00:00,16.29
3173,23,2023-09-10T05:00:00,16.13
3174,23,2023-09-10T06:00:00,16.1
3175,23,2023-09-10T07:00:00,18.09
3176,23,2023-09-10T08:00:00,21.97
3177,23,2023-09-10T09:00:00,24.64
3178,23,2023-09-10T10:00:00,26.48
3179,23,2023-09-10T11:00:00,27.35
3180,23,2023-09-10T12:00:00,27.38
3181,23,2023-09-10T13:00:00,28.13
3182,23,2023-09-10T14:00:00,28.5
3183,23,2023-09-10T15:00:00,28.15
3184,23,2023-09-10T16:00:00,26.76
3185,23,2023-09-10T17:00:00,26.22
3186,23,2023-09-10T18:00:00,24.55
3187,23,2023-09-10T19:00:00,22.19
3188,23,2023-09-10T20:00:00,20.61
3189,23,2023-09-10T21:00:00,19.22
3190,23,2023-09-10T22:00:00,18.21
3191,23,2023-09-10T23:00:00,17.54
3192,23,2023-09-11T00:00:00,16.95
3193,23,2023-09-11T01:00:00,16.83
3194,23,2023-09-11T02:00:00,16.71
3195,23,2023-09-11T03:00:00,16.58
3196,23,2023-09-11T04:00:00,16.86
3197,23,2023-09-11T05:00:00,16.27
3198,23,2023-09-11T06:00:00,16.27
3199,23,2023-09-11T07:00:00,18.26
3200,23,2023-09-11T08:00:00,21.24
3201,23,2023-09-11T09:00:00,23.35
3202,23,2023-09-11T10:00:00,24.92
3203,23,2023-09-11T11:00:00,26.09
3204,23,2023-09-11T12:00:00,26.99
3205,23,2023-09-11T13:00:00,27.54
3206,23,2023-09-11T14:00:00,27.23
3207,23,2023-09-11T15:00:00,27.16
3208,23,2023-09-11T16:00:00,26.54
3209,23,2023-09-11T17:00:00,24.41
3210,23,2023-09-11T18:00:00,22.47
3211,23,2023-09-11T19:00:00,21.4
3212,23,2023-09-11T20:00:00,21.0
3213,23,2023-09-11T21:00:00,19.95
3214,23,2023-09-11T22:00:00,19.14
3215,23,2023-09-11T23:00:00,18.08
3216,23,2023-09-12T00:00:00,17.24
3217,23,2023-09-12T01:00:00,16.62
3218,23,2023-09-12T02:00:00,16.31
3219,23,2023-09-12T03:00:00,16.1
3220,23,2023-09-12T04:00:00,16.1
3221,23,2023-09-12T05:00:00,16.31
3222,23,2023-09-12T06:00:00,16.06
3223,23,2023-09-12T07:00:00,16.79
3224,23,2023-09-12T08:00:00,18.79
3225,23,2023-09-12T09:00:00,20.58
3226,23,2023-09-12T10:00:00,21.51
3227,23,2023-09-12T11:00:00,22.78
3228,23,2023-09-12T12:00:00,23.11
3229,23,2023-09-12T13:00:00,23.03
3230,23,2023-09-12T14:00:00,22.98
3231,23,2023-09-12T15:00:00,22.74
3232,23,2023-09-12T16:00:00,21.0
3233,23,2023-09-12T17:00:00,19.42
3234,23,2023-09-12T18:00:00,17.0
3235,23,2023-09-12T19:00:00,16.13
3236,23,2023-09-12T20:00:00,15.97
3237,23,2023-09-12T21:00:00,16.19
3238,23,2023-09-12T22:00:00,16.33
3239,23,2023-09-12T23:00:00,16.36
3240,23,2023-09-13T00:00:00,16.37
3241,23,2023-09-13T01:00:00,16.26
3242,23,2023-09-13T02:00:00,16.15
3243,23,2023-09-13T03:00:00,16.06
3244,23,2023-09-13T04:00:00,15.78
3245,23,2023-09-13T05:00:00,15.46
3246,23,2023-09-13T06:00:00,15.09
3247,23,2023-09-13T07:00:00,15.02
3248,23,2023-09-13T08:00:00,15.26
3249,23,2023-09-13T09:00:00,15.65
3250,23,2023-09-13T10:00:00,16.33
3251,23,2023-09-13T11:00:00,16.59
3252,23,2023-09-13T12:00:00,17.31
3253,23,2023-09-13T13:00:00,18.17
3254,23,2023-09-13T14:00:00,17.78
3255,23,2023-09-13T15:00:00,16.7
3256,23,2023-09-13T16:00:00,16.16
3257,23,2023-09-13T17:00:00,15.8
3258,23,2023-09-13T18:00:00,15.19
3259,23,2023-09-13T19:00:00,13.95
3260,23,2023-09-13T20:00:00,13.33
3261,23,2023-09-13T21:00:00,12.61
3262,23,2023-09-13T22:00:00,11.7
3263,23,2023-09-13T23:00:00,11.31
3264,23,2023-09-14T00:00:00,10.87
3265,23,2023-09-14T01:00:00,10.29
3266,23,2023-09-14T02:00:00,10.06
3267,23,2023-09-14T03:00:00,8.8
3268,23,2023-09-14T04:00:00,8.35
3269,23,2023-09-14T05:00:00,8.45
3270,23,2023-09-14T06:00:00,8.57
3271,23,2023-09-14T07:00:00,10.29
3272,23,2023-09-14T08:00:00,12.61
3273,23,2023-09-14T09:00:00,14.7
3274,23,2023-09-14T10:00:00,16.33
3275,23,2023-09-14T11:00:00,17.53
3276,23,2023-09-14T12:00:00,18.3
3277,23,2023-09-14T13:00:00,19.1
3278,23,2023-09-14T14:00:00,19.39
3279,23,2023-09-14T15:00:00,19.06
3280,23,2023-09-14T16:00:00,18.75
3281,23,2023-09-14T17:00:00,17.65
3282,23,2023-09-14T18:00:00,16.19
3283,23,2023-09-14T19:00:00,13.81
3284,23,2023-09-14T20:00:00,12.92
3285,23,2023-09-14T21:00:00,11.84
3286,23,2023-09-14T22:00:00,11.25
3287,23,2023-09-14T23:00:00,10.92
3288,23,2023-09-15T00:00:00,10.44
3289,23,2023-09-15T01:00:00,10.11
3290,23,2023-09-15T02:00:00,9.58
3291,23,2023-09-15T03:00:00,9.01
3292,23,2023-09-15T04:00:00,8.73
3293,23,2023-09-15T05:00:00,8.65
3294,23,2023-09-15T06:00:00,8.55
3295,23,2023-09-15T07:00:00,10.57
3296,23,2023-09-15T08:00:00,14.74
3297,23,2023-09-15T09:00:00,16.91
3298,23,2023-09-15T10:00:00,18.64
3299,23,2023-09-15T11:00:00,19.75
3300,23,2023-09-15T12:00:00,20.4
3301,23,2023-09-15T13:00:00,21.03
3302,23,2023-09-15T14:00:00,20.96
3303,23,2023-09-15T15:00:00,21.0
3304,23,2023-09-15T16:00:00,20.18
3305,23,2023-09-15T17:00:00,19.69
3306,23,2023-09-15T18:00:00,17.88
3307,23,2023-09-15T19:00:00,15.53
3308,23,2023-09-15T20:00:00,14.39
3309,23,2023-09-15T21:00:00,14.46
3310,23,2023-09-15T22:00:00,13.96
3311,23,2023-09-15T23:00:00,13.79
3312,23,2023-09-16T00:00:00,13.95
3313,23,2023-09-16T01:00:00,13.68
3314,23,2023-09-16T02:00:00,13.63
3315,23,2023-09-16T03:00:00,13.46
3316,23,2023-09-16T04:00:00,13.04
3317,23,2023-09-16T05:00:00,12.46
3318,23,2023-09-16T06:00:00,12.2
3319,23,2023-09-16T07:00:00,14.56
3320,23,2023-09-16T08:00:00,17.84
3321,23,2023-09-16T09:00:00,20.45
3322,23,2023-09-16T10:00:00,21.77
3323,23,2023-09-16T11:00:00,22.86
3324,23,2023-09-16T12:00:00,22.8
3325,23,2023-09-16T13:00:00,22.44
3326,23,2023-09-16T14:00:00,21.8
3327,23,2023-09-16T15:00:00,20.78
3328,23,2023-09-16T16:00:00,20.46
3329,23,2023-09-16T17:00:00,19.77
3330,23,2023-09-16T18:00:00,19.12
3331,23,2023-09-16T19:00:00,18.46
3332,23,2023-09-16T20:00:00,18.26
3333,23,2023-09-16T21:00:00,18.05
3334,23,2023-09-16T22:00:00,17.96
3335,23,2023-09-16T23:00:00,17.83
3336,23,2023-09-17T00:00:00,17.58
3337,23,2023-09-17T01:00:00,17.12
3338,23,2023-09-17T02:00:00,16.97
3339,23,2023-09-17T03:00:00,16.86
3340,23,2023-09-17T04:00:00,16.54
3341,23,2023-09-17T05:00:00,16.16
3342,23,2023-09-17T06:00:00,15.79
3343,23,2023-09-17T07:00:00,16.12
3344,23,2023-09-17T08:00:00,16.97
3345,23,2023-09-17T09:00:00,18.32
3346,23,2023-09-17T10:00:00,19.74
3347,23,2023-09-17T11:00:00,21.0
3348,23,2023-09-17T12:00:00,22.13
3349,23,2023-09-17T13:00:00,22.48
3350,23,2023-09-17T14:00:00,22.59
3351,23,2023-09-17T15:00:00,22.86
3352,23,2023-09-17T16:00:00,22.46
3353,23,2023-09-17T17:00:00,21.58
3354,23,2023-09-17T18:00:00,20.26
3355,23,2023-09-17T19:00:00,19.34
3356,23,2023-09-17T20:00:00,19.21
3357,23,2023-09-17T21:00:00,18.78
3358,23,2023-09-17T22:00:00,18.63
3359,23,2023-09-17T23:00:00,18.61
3360,23,2023-09-18T00:00:00,18.33
3361,23,2023-09-18T01:00:00,18.29
3362,23,2023-09-18T02:00:00,18.15
3363,23,2023-09-18T03:00:00,17.52
3364,23,2023-09-18T04:00:00,17.15
3365,23,2023-09-18T05:00:00,16.99
3366,23,2023-09-18T06:00:00,16.69
3367,23,2023-09-18T07:00:00,16.52
3368,23,2023-09-18T08:00:00,16.66
3369,23,2023-09-18T09:00:00,17.1
3370,23,2023-09-18T10:00:00,18.14
3371,23,2023-09-18T11:00:00,18.95
3372,23,2023-09-18T12:00:00,19.69
3373,23,2023-09-18T13:00:00,20.35
3374,23,2023-09-18T14:00:00,20.68
3375,23,2023-09-18T15:00:00,20.67
3376,23,2023-09-18T16:00:00,20.12
3377,23,2023-09-18T17:00:00,17.75
3378,23,2023-09-18T18:00:00,15.6
3379,23,2023-09-18T19:00:00,14.79
3380,23,2023-09-18T20:00:00,14.89
3381,23,2023-09-18T21:00:00,14.67
3382,23,2023-09-18T22:00:00,13.96
3383,23,2023-09-18T23:00:00,13.35
3384,23,2023-09-19T00:00:00,13.21
3385,23,2023-09-19T01:00:00,12.59
3386,23,2023-09-19T02:00:00,12.56
3387,23,2023-09-19T03:00:00,11.98
3388,23,2023-09-19T04:00:00,11.42
3389,23,2023-09-19T05:00:00,11.33
3390,23,2023-09-19T06:00:00,11.26
3391,23,2023-09-19T07:00:00,11.6
3392,23,2023-09-19T08:00:00,12.31
3393,23,2023-09-19T09:00:00,13.34
3394,23,2023-09-19T10:00:00,14.38
3395,23,2023-09-19T11:00:00,15.22
3396,23,2023-09-19T12:00:00,15.9
3397,23,2023-09-19T13:00:00,16.44
3398,23,2023-09-19T14:00:00,16.66
3399,23,2023-09-19T15:00:00,16.37
3400,23,2023-09-19T16:00:00,16.28
3401,23,2023-09-19T17:00:00,15.76
3402,23,2023-09-19T18:00:00,14.99
3403,23,2023-09-19T19:00:00,14.78
3404,23,2023-09-19T20:00:00,14.77
3405,23,2023-09-19T21:00:00,14.73
3406,23,2023-09-19T22:00:00,14.43
3407,23,2023-09-19T23:00:00,14.54
3408,23,2023-09-20T00:00:00,14.67
3409,23,2023-09-20T01:00:00,14.58
3410,23,2023-09-20T02:00:00,14.44
3411,23,2023-09-20T03:00:00,14.29
3412,23,2023-09-20T04:00:00,13.88
3413,23,2023-09-20T05:00:00,13.81
3414,23,2023-09-20T06:00:00,13.77
3415,23,2023-09-20T07:00:00,14.15
3416,23,2023-09-20T08:00:00,15.09
3417,23,2023-09-20T09:00:00,16.14
3418,23,2023-09-20T10:00:00,16.85
3419,23,2023-09-20T11:00:00,17.39
3420,23,2023-09-20T12:00:00,18.02
3421,23,2023-09-20T13:00:00,18.87
3422,23,2023-09-20T14:00:00,19.66
3423,23,2023-09-20T15:00:00,20.03
3424,23,2023-09-20T16:00:00,19.78
3425,23,2023-09-20T17:00:00,18.74
3426,23,2023-09-20T18:00:00,17.47
3427,23,2023-09-20T19:00:00,16.7
3428,23,2023-09-20T20:00:00,16.55
3429,23,2023-09-20T21:00:00,16.38
3430,23,2023-09-20T22:00:00,16.3
3431,23,2023-09-20T23:00:00,16.38
3432,23,2023-09-21T00:00:00,16.56
3433,23,2023-09-21T01:00:00,16.41
3434,23,2023-09-21T02:00:00,16.26
3435,23,2023-09-21T03:00:00,15.76
3436,23,2023-09-21T04:00:00,15.68
3437,23,2023-09-21T05:00:00,15.69
3438,23,2023-09-21T06:00:00,15.61
3439,23,2023-09-21T07:00:00,15.81
3440,23,2023-09-21T08:00:00,16.23
3441,23,2023-09-21T09:00:00,16.66
3442,23,2023-09-21T10:00:00,17.1
3443,23,2023-09-21T11:00:00,17.34
3444,23,2023-09-21T12:00:00,17.01
3445,23,2023-09-21T13:00:00,16.19
3446,23,2023-09-21T14:00:00,16.26
3447,23,2023-09-21T15:00:00,16.01
3448,23,2023-09-21T16:00:00,14.97
3449,23,2023-09-21T17:00:00,13.3
3450,23,2023-09-21T18:00:00,12.76
3451,23,2023-09-21T19:00:00,12.66
3452,23,2023-09-21T20:00:00,12.74
3453,23,2023-09-21T21:00:00,12.68
3454,23,2023-09-21T22:00:00,12.19
3455,23,2023-09-21T23:00:00,11.41
3456,23,2023-09-22T00:00:00,10.85
3457,23,2023-09-22T01:00:00,10.42
3458,23,2023-09-22T02:00:00,10.7
3459,23,2023-09-22T03:00:00,10.91
3460,23,2023-09-22T04:00:00,10.95
3461,23,2023-09-22T05:00:00,10.77
3462,23,2023-09-22T06:00:00,10.65
3463,23,2023-09-22T07:00:00,10.7
3464,23,2023-09-22T08:00:00,11.31
3465,23,2023-09-22T09:00:00,12.25
3466,23,2023-09-22T10:00:00,12.85
3467,23,2023-09-22T11:00:00,13.62
3468,23,2023-09-22T12:00:00,14.69
3469,23,2023-09-22T13:00:00,14.08
3470,23,2023-09-22T14:00:00,12.88
3471,23,2023-09-22T15:00:00,11.49
3472,23,2023-09-22T16:00:00,12.08
3473,23,2023-09-22T17:00:00,11.52
3474,23,2023-09-22T18:00:00,10.47
3475,23,2023-09-22T19:00:00,10.05
3476,23,2023-09-22T20:00:00,9.75
3477,23,2023-09-22T21:00:00,9.44
3478,23,2023-09-22T22:00:00,9.06
3479,23,2023-09-22T23:00:00,8.85
3480,23,2023-09-23T00:00:00,9.1
3481,23,2023-09-23T01:00:00,9.21
3482,23,2023-09-23T02:00:00,9.12
3483,23,2023-09-23T03:00:00,9.03
3484,23,2023-09-23T04:00:00,8.89
3485,23,2023-09-23T05:00:00,8.62
3486,23,2023-09-23T06:00:00,8.56
3487,23,2023-09-23T07:00:00,8.9
3488,23,2023-09-23T08:00:00,9.55
3489,23,2023-09-23T09:00:00,10.38
3490,23,2023-09-23T10:00:00,11.38
3491,23,2023-09-23T11:00:00,12.11
3492,23,2023-09-23T12:00:00,13.45
3493,23,2023-09-23T13:00:00,13.92
3494,23,2023-09-23T14:00:00,14.24
3495,23,2023-09-23T15:00:00,14.41
3496,23,2023-09-23T16:00:00,14.19
3497,23,2023-09-23T17:00:00,13.61
3498,23,2023-09-23T18:00:00,11.72
3499,23,2023-09-23T19:00:00,10.03
3500,23,2023-09-23T20:00:00,9.15
3501,23,2023-09-23T21:00:00,8.11
3502,23,2023-09-23T22:00:00,7.24
3503,23,2023-09-23T23:00:00,6.69
3504,23,2023-09-24T00:00:00,6.03
3505,23,2023-09-24T01:00:00,5.95
3506,23,2023-09-24T02:00:00,5.49
3507,23,2023-09-24T03:00:00,5.31
3508,23,2023-09-24T04:00:00,5.07
3509,23,2023-09-24T05:00:00,5.1
3510,23,2023-09-24T06:00:00,5.13
3511,23,2023-09-24T07:00:00,7.36
3512,23,2023-09-24T08:00:00,10.52
3513,23,2023-09-24T09:00:00,12.81
3514,23,2023-09-24T10:00:00,14.49
3515,23,2023-09-24T11:00:00,15.67
3516,23,2023-09-24T12:00:00,16.57
3517,23,2023-09-24T13:00:00,17.14
3518,23,2023-09-24T14:00:00,17.5
3519,23,2023-09-24T15:00:00,17.43
3520,23,2023-09-24T16:00:00,17.06
3521,23,2023-09-24T17:00:00,15.97
3522,23,2023-09-24T18:00:00,13.69
3523,23,2023-09-24T19:00:00,11.92
3524,23,2023-09-24T20:00:00,10.81
3525,23,2023-09-24T21:00:00,10.58
3526,23,2023-09-24T22:00:00,10.46
3527,23,2023-09-24T23:00:00,10.63
3528,23,2023-09-25T00:00:00,10.5
3529,23,2023-09-25T01:00:00,10.01
3530,23,2023-09-25T02:00:00,9.6
3531,23,2023-09-25T03:00:00,9.12
3532,23,2023-09-25T04:00:00,8.68
3533,23,2023-09-25T05:00:00,8.29
3534,23,2023-09-25T06:00:00,8.26
3535,23,2023-09-25T07:00:00,9.53
3536,23,2023-09-25T08:00:00,12.49
3537,23,2023-09-25T09:00:00,14.74
3538,23,2023-09-25T10:00:00,16.69
3539,23,2023-09-25T11:00:00,18.02
3540,23,2023-09-25T12:00:00,19.14
3541,23,2023-09-25T13:00:00,19.63
3542,23,2023-09-25T14:00:00,19.94
3543,23,2023-09-25T15:00:00,20.13
3544,23,2023-09-25T16:00:00,19.82
3545,23,2023-09-25T17:00:00,18.42
3546,23,2023-09-25T18:00:00,15.18
3547,23,2023-09-25T19:00:00,12.76
3548,23,2023-09-25T20:00:00,11.6
3549,23,2023-09-25T21:00:00,10.72
3550,23,2023-09-25T22:00:00,10.21
3551,23,2023-09-25T23:00:00,9.97
3552,23,2023-09-26T00:00:00,9.39
3553,23,2023-09-26T01:00:00,9.21
3554,23,2023-09-26T02:00:00,8.75
3555,23,2023-09-26T03:00:00,8.44
3556,23,2023-09-26T04:00:00,8.52
3557,23,2023-09-26T05:00:00,8.37
3558,23,2023-09-26T06:00:00,8.49
3559,23,2023-09-26T07:00:00,10.63
3560,23,2023-09-26T08:00:00,14.08
3561,23,2023-09-26T09:00:00,16.57
3562,23,2023-09-26T10:00:00,18.27
3563,23,2023-09-26T11:00:00,19.5
3564,23,2023-09-26T12:00:00,20.22
3565,23,2023-09-26T13:00:00,20.76
3566,23,2023-09-26T14:00:00,20.85
3567,23,2023-09-26T15:00:00,20.15
3568,23,2023-09-26T16:00:00,19.41
3569,23,2023-09-26T17:00:00,17.96
3570,23,2023-09-26T18:00:00,16.19
3571,23,2023-09-26T19:00:00,15.24
3572,23,2023-09-26T20:00:00,14.55
3573,23,2023-09-26T21:00:00,13.23
3574,23,2023-09-26T22:00:00,12.34
3575,23,2023-09-26T23:00:00,12.12
3576,23,2023-09-27T00:00:00,11.15
3577,23,2023-09-27T01:00:00,10.79
3578,23,2023-09-27T02:00:00,10.63
3579,23,2023-09-27T03:00:00,10.13
3580,23,2023-09-27T04:00:00,9.78
3581,23,2023-09-27T05:00:00,9.68
3582,23,2023-09-27T06:00:00,9.74
3583,23,2023-09-27T07:00:00,10.74
3584,23,2023-09-27T08:00:00,13.26
3585,23,2023-09-27T09:00:00,16.55
3586,23,2023-09-27T10:00:00,18.83
3587,23,2023-09-27T11:00:00,20.21
3588,23,2023-09-27T12:00:00,21.19
3589,23,2023-09-27T13:00:00,21.83
3590,23,2023-09-27T14:00:00,22.23
3591,23,2023-09-27T15:00:00,21.75
3592,23,2023-09-27T16:00:00,20.64
3593,23,2023-09-27T17:00:00,19.36
3594,23,2023-09-27T18:00:00,17.5
3595,23,2023-09-27T19:00:00,16.85
3596,23,2023-09-27T20:00:00,16.85
3597,23,2023-09-27T21:00:00,17.16
3598,23,2023-09-27T22:00:00,17.47
3599,23,2023-09-27T23:00:00,17.72
3600,23,2023-09-28T00:00:00,16.8
3601,23,2023-09-28T01:00:00,15.78
3602,23,2023-09-28T02:00:00,15.07
3603,23,2023-09-28T03:00:00,13.83
3604,23,2023-09-28T04:00:00,13.46
3605,23,2023-09-28T05:00:00,13.15
3606,23,2023-09-28T06:00:00,12.94
3607,23,2023-09-28T07:00:00,13.8
3608,23,2023-09-28T08:00:00,15.52
3609,23,2023-09-28T09:00:00,16.24
3610,23,2023-09-28T10:00:00,17.04
3611,23,2023-09-28T11:00:00,17.46
3612,23,2023-09-28T12:00:00,18.6
3613,23,2023-09-28T13:00:00,19.24
3614,23,2023-09-28T14:00:00,20.08
3615,23,2023-09-28T15:00:00,20.09
3616,23,2023-09-28T16:00:00,19.63
3617,23,2023-09-28T17:00:00,18.35
3618,23,2023-09-28T18:00:00,16.56
3619,23,2023-09-28T19:00:00,15.42
3620,23,2023-09-28T20:00:00,14.73
3621,23,2023-09-28T21:00:00,14.37
3622,23,2023-09-28T22:00:00,14.38
3623,23,2023-09-28T23:00:00,14.25
3624,23,2023-09-29T00:00:00,14.43
3625,23,2023-09-29T01:00:00,14.53
3626,23,2023-09-29T02:00:00,14.97
3627,23,2023-09-29T03:00:00,15.53
3628,23,2023-09-29T04:00:00,16.04
3629,23,2023-09-29T05:00:00,16.1
3630,23,2023-09-29T06:00:00,16.49
3631,23,2023-09-29T07:00:00,17.2
3632,23,2023-09-29T08:00:00,17.75
3633,23,2023-09-29T09:00:00,18.25
3634,23,2023-09-29T10:00:00,18.18
3635,23,2023-09-29T11:00:00,18.55
3636,23,2023-09-29T12:00:00,18.28
3637,23,2023-09-29T13:00:00,18.14
3638,23,2023-09-29T14:00:00,17.58
3639,23,2023-09-29T15:00:00,16.85
3640,23,2023-09-29T16:00:00,15.77
3641,23,2023-09-29T17:00:00,14.85
3642,23,2023-09-29T18:00:00,14.51
3643,23,2023-09-29T19:00:00,13.69
3644,23,2023-09-29T20:00:00,12.8
3645,23,2023-09-29T21:00:00,12.37
3646,23,2023-09-29T22:00:00,11.59
3647,23,2023-09-29T23:00:00,11.18
3648,23,2023-09-30T00:00:00,10.56
3649,23,2023-09-30T01:00:00,10.41
3650,23,2023-09-30T02:00:00,9.92
3651,23,2023-09-30T03:00:00,9.12
3652,23,2023-09-30T04:00:00,8.48
3653,23,2023-09-30T05:00:00,7.93
3654,23,2023-09-30T06:00:00,7.36
3655,23,2023-09-30T07:00:00,8.41
3656,23,2023-09-30T08:00:00,10.24
3657,23,2023-09-30T09:00:00,11.76
3658,23,2023-09-30T10:00:00,13.27
3659,23,2023-09-30T11:00:00,14.64
3660,23,2023-09-30T12:00:00,15.23
3661,23,2023-09-30T13:00:00,16.4
3662,23,2023-09-30T14:00:00,17.15
3663,23,2023-09-30T15:00:00,17.31
3664,23,2023-09-30T16:00:00,17.26
3665,23,2023-09-30T17:00:00,15.48
3666,23,2023-09-30T18:00:00,12.79
3667,23,2023-09-30T19:00:00,10.83
3668,23,2023-09-30T20:00:00,10.03
3669,23,2023-09-30T21:00:00,9.4
3670,23,2023-09-30T22:00:00,8.88
3671,23,2023-09-30T23:00:00,8.72
3672,23,2023-10-01T00:00:00,8.58
3673,23,2023-10-01T01:00:00,8.19
3674,23,2023-10-01T02:00:00,8.21
3675,23,2023-10-01T03:00:00,8.59
3676,23,2023-10-01T04:00:00,9.43
3677,23,2023-10-01T05:00:00,9.53
3678,23,2023-10-01T06:00:00,9.19
3679,23,2023-10-01T07:00:00,10.69
3680,23,2023-10-01T08:00:00,13.74
3681,23,2023-10-01T09:00:00,16.24
3682,23,2023-10-01T10:00:00,18.16
3683,23,2023-10-01T11:00:00,19.5
3684,23,2023-10-01T12:00:00,20.87
3685,23,2023-10-01T13:00:00,21.69
3686,23,2023-10-01T14:00:00,21.99
3687,23,2023-10-01T15:00:00,22.06
3688,23,2023-10-01T16:00:00,21.49
3689,23,2023-10-01T17:00:00,20.01
3690,23,2023-10-01T18:00:00,17.56
3691,23,2023-10-01T19:00:00,15.88
3692,23,2023-10-01T20:00:00,15.12
3693,23,2023-10-01T21:00:00,14.81
3694,23,2023-10-01T22:00:00,14.55
3695,23,2023-10-01T23:00:00,13.87
3696,23,2023-10-02T00:00:00,13.57
3697,23,2023-10-02T01:00:00,13.15
3698,23,2023-10-02T02:00:00,13.33
3699,23,2023-10-02T03:00:00,13.16
3700,23,2023-10-02T04:00:00,12.43
3701,23,2023-10-02T05:00:00,11.96
3702,23,2023-10-02T06:00:00,11.83
3703,23,2023-10-02T07:00:00,13.0
3704,23,2023-10-02T08:00:00,16.25
3705,23,2023-10-02T09:00:00,18.78
3706,23,2023-10-02T10:00:00,20.82
3707,23,2023-10-02T11:00:00,22.03
3708,23,2023-10-02T12:00:00,23.08
3709,23,2023-10-02T13:00:00,23.68
3710,23,2023-10-02T14:00:00,23.77
3711,23,2023-10-02T15:00:00,23.61
3712,23,2023-10-02T16:00:00,23.21
3713,23,2023-10-02T17:00:00,21.32
3714,23,2023-10-02T18:00:00,18.55
3715,23,2023-10-02T19:00:00,17.18
3716,23,2023-10-02T20:00:00,16.58
3717,23,2023-10-02T21:00:00,16.22
3718,23,2023-10-02T22:00:00,16.27
3719,23,2023-10-02T23:00:00,16.23
3720,23,2023-10-03T00:00:00,17.51
3721,23,2023-10-03T01:00:00,18.0
3722,23,2023-10-03T02:00:00,18.39
3723,23,2023-10-03T03:00:00,18.28
3724,23,2023-10-03T04:00:00,17.96
3725,23,2023-10-03T05:00:00,17.23
3726,23,2023-10-03T06:00:00,17.02
3727,23,2023-10-03T07:00:00,16.75
3728,23,2023-10-03T08:00:00,16.44
3729,23,2023-10-03T09:00:00,16.5
3730,23,2023-10-03T10:00:00,16.34
3731,23,2023-10-03T11:00:00,15.43
3732,23,2023-10-03T12:00:00,14.49
3733,23,2023-10-03T13:00:00,14.43
3734,23,2023-10-03T14:00:00,14.53
3735,23,2023-10-03T15:00:00,14.4
3736,23,2023-10-03T16:00:00,14.06
3737,23,2023-10-03T17:00:00,13.34
3738,23,2023-10-03T18:00:00,11.86
3739,23,2023-10-03T19:00:00,10.49
3740,23,2023-10-03T20:00:00,10.23
3741,23,2023-10-03T21:00:00,9.84
3742,23,2023-10-03T22:00:00,9.64
3743,23,2023-10-03T23:00:00,9.69
3744,23,2023-10-04T00:00:00,9.59
3745,23,2023-10-04T01:00:00,9.57
3746,23,2023-10-04T02:00:00,9.44
3747,23,2023-10-04T03:00:00,9.21
3748,23,2023-10-04T04:00:00,9.04
3749,23,2023-10-04T05:00:00,8.76
3750,23,2023-10-04T06:00:00,8.56
3751,23,2023-10-04T07:00:00,8.69
3752,23,2023-10-04T08:00:00,9.91
3753,23,2023-10-04T09:00:00,11.3
3754,23,2023-10-04T10:00:00,12.85
3755,23,2023-10-04T11:00:00,13.79
3756,23,2023-10-04T12:00:00,14.16
3757,23,2023-10-04T13:00:00,14.35
3758,23,2023-10-04T14:00:00,14.4
3759,23,2023-10-04T15:00:00,14.25
3760,23,2023-10-04T16:00:00,14.15
3761,23,2023-10-04T17:00:00,13.14
3762,23,2023-10-04T18:00:00,11.75
3763,23,2023-10-04T19:00:00,11.46
3764,23,2023-10-04T20:00:00,10.68
3765,23,2023-10-04T21:00:00,10.34
3766,23,2023-10-04T22:00:00,10.44
3767,23,2023-10-04T23:00:00,10.18
3768,23,2023-10-05T00:00:00,10.22
3769,23,2023-10-05T01:00:00,10.01
3770,23,2023-10-05T02:00:00,9.54
3771,23,2023-10-05T03:00:00,9.43
3772,23,2023-10-05T04:00:00,9.87
3773,23,2023-10-05T05:00:00,10.08
3774,23,2023-10-05T06:00:00,10.02
3775,23,2023-10-05T07:00:00,10.08
3776,23,2023-10-05T08:00:00,10.79
3777,23,2023-10-05T09:00:00,11.65
3778,23,2023-10-05T10:00:00,12.0
3779,23,2023-10-05T11:00:00,12.48
3780,23,2023-10-05T12:00:00,13.15
3781,23,2023-10-05T13:00:00,13.89
3782,23,2023-10-05T14:00:00,14.18
3783,23,2023-10-05T15:00:00,14.39
3784,23,2023-10-05T16:00:00,14.32
3785,23,2023-10-05T17:00:00,13.1
3786,23,2023-10-05T18:00:00,10.91
3787,23,2023-10-05T19:00:00,9.77
3788,23,2023-10-05T20:00:00,9.8
3789,23,2023-10-05T21:00:00,9.78
3790,23,2023-10-05T22:00:00,9.21
3791,23,2023-10-05T23:00:00,8.44
3792,23,2023-10-06T00:00:00,8.42
3793,23,2023-10-06T01:00:00,8.21
3794,23,2023-10-06T02:00:00,7.87
3795,23,2023-10-06T03:00:00,7.97
3796,23,2023-10-06T04:00:00,8.2
3797,23,2023-10-06T05:00:00,8.29
3798,23,2023-10-06T06:00:00,8.6
3799,23,2023-10-06T07:00:00,9.15
3800,23,2023-10-06T08:00:00,10.61
3801,23,2023-10-06T09:00:00,12.63
3802,23,2023-10-06T10:00:00,14.33
3803,23,2023-10-06T11:00:00,15.43
3804,23,2023-10-06T12:00:00,15.74
3805,23,2023-10-06T13:00:00,16.0
3806,23,2023-10-06T14:00:00,16.56
3807,23,2023-10-06T15:00:00,16.43
3808,23,2023-10-06T16:00:00,15.56
3809,23,2023-10-06T17:00:00,14.19
3810,23,2023-10-06T18:00:00,12.39
3811,23,2023-10-06T19:00:00,11.72
3812,23,2023-10-06T20:00:00,11.27
3813,23,2023-10-06T21:00:00,11.23
3814,23,2023-10-06T22:00:00,10.88
3815,23,2023-10-06T23:00:00,10.39
3816,23,2023-10-07T00:00:00,10.57
3817,23,2023-10-07T01:00:00,10.78
3818,23,2023-10-07T02:00:00,11.16
3819,23,2023-10-07T03:00:00,11.48
3820,23,2023-10-07T04:00:00,11.43
3821,23,2023-10-07T05:00:00,11.57
3822,23,2023-10-07T06:00:00,11.78
3823,23,2023-10-07T07:00:00,12.07
3824,23,2023-10-07T08:00:00,12.64
3825,23,2023-10-07T09:00:00,13.22
3826,23,2023-10-07T10:00:00,14.58
3827,23,2023-10-07T11:00:00,16.6
3828,23,2023-10-07T12:00:00,18.73
3829,23,2023-10-07T13:00:00,19.55
3830,23,2023-10-07T14:00:00,19.96
3831,23,2023-10-07T15:00:00,19.85
3832,23,2023-10-07T16:00:00,19.09
3833,23,2023-10-07T17:00:00,17.63
3834,23,2023-10-07T18:00:00,16.07
3835,23,2023-10-07T19:00:00,15.3
3836,23,2023-10-07T20:00:00,14.99
3837,23,2023-10-07T21:00:00,14.69
3838,23,2023-10-07T22:00:00,14.27
3839,23,2023-10-07T23:00:00,14.05
3840,23,2023-10-08T00:00:00,13.9
3841,23,2023-10-08T01:00:00,13.39
3842,23,2023-10-08T02:00:00,12.73
3843,23,2023-10-08T03:00:00,12.34
3844,23,2023-10-08T04:00:00,12.1
3845,23,2023-10-08T05:00:00,11.76
3846,23,2023-10-08T06:00:00,10.98
3847,23,2023-10-08T07:00:00,10.94
3848,23,2023-10-08T08:00:00,12.48
3849,23,2023-10-08T09:00:00,15.14
3850,23,2023-10-08T10:00:00,17.57
3851,23,2023-10-08T11:00:00,19.0
3852,23,2023-10-08T12:00:00,19.89
3853,23,2023-10-08T13:00:00,21.04
3854,23,2023-10-08T14:00:00,21.56
3855,23,2023-10-08T15:00:00,21.52
3856,23,2023-10-08T16:00:00,20.69
3857,23,2023-10-08T17:00:00,18.44
3858,23,2023-10-08T18:00:00,15.85
3859,23,2023-10-08T19:00:00,14.91
3860,23,2023-10-08T20:00:00,14.22
3861,23,2023-10-08T21:00:00,13.66
3862,23,2023-10-08T22:00:00,13.5
3863,23,2023-10-08T23:00:00,13.52
3864,23,2023-10-09T00:00:00,14.15
3865,23,2023-10-09T01:00:00,14.04
3866,23,2023-10-09T02:00:00,14.14
3867,23,2023-10-09T03:00:00,14.73
3868,23,2023-10-09T04:00:00,14.27
3869,23,2023-10-09T05:00:00,14.03
3870,23,2023-10-09T06:00:00,13.86
3871,23,2023-10-09T07:00:00,13.94
3872,23,2023-10-09T08:00:00,14.66
3873,23,2023-10-09T09:00:00,15.45
3874,23,2023-10-09T10:00:00,17.34
3875,23,2023-10-09T11:00:00,19.13
3876,23,2023-10-09T12:00:00,19.77
3877,23,2023-10-09T13:00:00,20.01
3878,23,2023-10-09T14:00:00,19.79
3879,23,2023-10-09T15:00:00,19.15
3880,23,2023-10-09T16:00:00,18.32
3881,23,2023-10-09T17:00:00,17.32
3882,23,2023-10-09T18:00:00,15.45
3883,23,2023-10-09T19:00:00,14.5
3884,23,2023-10-09T20:00:00,13.64
3885,23,2023-10-09T21:00:00,13.01
3886,23,2023-10-09T22:00:00,12.47
3887,23,2023-10-09T23:00:00,12.17
3888,23,2023-10-10T00:00:00,11.62
3889,23,2023-10-10T01:00:00,11.23
3890,23,2023-10-10T02:00:00,10.35
3891,23,2023-10-10T03:00:00,9.92
3892,23,2023-10-10T04:00:00,9.55
3893,23,2023-10-10T05:00:00,9.45
3894,23,2023-10-10T06:00:00,9.07
3895,23,2023-10-10T07:00:00,9.51
3896,23,2023-10-10T08:00:00,12.36
3897,23,2023-10-10T09:00:00,14.93
3898,23,2023-10-10T10:00:00,17.22
3899,23,2023-10-10T11:00:00,19.13
3900,23,2023-10-10T12:00:00,20.67
3901,23,2023-10-10T13:00:00,21.84
3902,23,2023-10-10T14:00:00,22.21
3903,23,2023-10-10T15:00:00,21.98
3904,23,2023-10-10T16:00:00,21.02
3905,23,2023-10-10T17:00:00,18.61
3906,23,2023-10-10T18:00:00,16.5
3907,23,2023-10-10T19:00:00,15.85
3908,23,2023-10-10T20:00:00,15.11
3909,23,2023-10-10T21:00:00,14.81
3910,23,2023-10-10T22:00:00,14.4
3911,23,2023-10-10T23:00:00,14.13
3912,23,2023-10-11T00:00:00,13.74
3913,23,2023-10-11T01:00:00,14.25
3914,23,2023-10-11T02:00:00,14.14
3915,23,2023-10-11T03:00:00,12.89
3916,23,2023-10-11T04:00:00,12.55
3917,23,2023-10-11T05:00:00,12.22
3918,23,2023-10-11T06:00:00,12.63
3919,23,2023-10-11T07:00:00,13.47
3920,23,2023-10-11T08:00:00,15.21
3921,23,2023-10-11T09:00:00,17.09
3922,23,2023-10-11T10:00:00,18.87
3923,23,2023-10-11T11:00:00,20.22
3924,23,2023-10-11T12:00:00,21.24
3925,23,2023-10-11T13:00:00,21.6
3926,23,2023-10-11T14:00:00,21.73
3927,23,2023-10-11T15:00:00,20.98
3928,23,2023-10-11T16:00:00,19.95
3929,23,2023-10-11T17:00:00,18.45
3930,23,2023-10-11T18:00:00,17.21
3931,23,2023-10-11T19:00:00,16.97
3932,23,2023-10-11T20:00:00,16.9
3933,23,2023-10-11T21:00:00,16.97
3934,23,2023-10-11T22:00:00,16.89
3935,23,2023-10-11T23:00:00,16.55
3936,23,2023-10-12T00:00:00,16.25
3937,23,2023-10-12T01:00:00,15.97
3938,23,2023-10-12T02:00:00,15.3
3939,23,2023-10-12T03:00:00,14.67
3940,23,2023-10-12T04:00:00,13.9
3941,23,2023-10-12T05:00:00,13.51
3942,23,2023-10-12T06:00:00,13.23
3943,23,2023-10-12T07:00:00,13.05
3944,23,2023-10-12T08:00:00,13.16
3945,23,2023-10-12T09:00:00,13.48
3946,23,2023-10-12T10:00:00,14.23
3947,23,2023-10-12T11:00:00,14.83
3948,23,2023-10-12T12:00:00,15.11
3949,23,2023-10-12T13:00:00,14.74
3950,23,2023-10-12T14:00:00,14.59
3951,23,2023-10-12T15:00:00,14.49
3952,23,2023-10-12T16:00:00,14.61
3953,23,2023-10-12T17:00:00,14.85
3954,23,2023-10-12T18:00:00,15.07
3955,23,2023-10-12T19:00:00,15.38
3956,23,2023-10-12T20:00:00,15.48
3957,23,2023-10-12T21:00:00,15.44
3958,23,2023-10-12T22:00:00,15.51
3959,23,2023-10-12T23:00:00,15.71
3960,23,2023-10-13T00:00:00,15.79
3961,23,2023-10-13T01:00:00,16.03
3962,23,2023-10-13T02:00:00,16.13
3963,23,2023-10-13T03:00:00,16.29
3964,23,2023-10-13T04:00:00,16.42
3965,23,2023-10-13T05:00:00,16.59
3966,23,2023-10-13T06:00:00,16.63
3967,23,2023-10-13T07:00:00,16.54
3968,23,2023-10-13T08:00:00,16.93
3969,23,2023-10-13T09:00:00,17.29
3970,23,2023-10-13T10:00:00,18.28
3971,23,2023-10-13T11:00:00,19.18
3972,23,2023-10-13T12:00:00,19.0
3973,23,2023-10-13T13:00:00,18.89
3974,23,2023-10-13T14:00:00,18.93
3975,23,2023-10-13T15:00:00,18.63
3976,23,2023-10-13T16:00:00,18.44
3977,23,2023-10-13T17:00:00,18.34
3978,23,2023-10-13T18:00:00,18.18
3979,23,2023-10-13T19:00:00,17.96
3980,23,2023-10-13T20:00:00,16.97
3981,23,2023-10-13T21:00:00,16.96
3982,23,2023-10-13T22:00:00,16.77
3983,23,2023-10-13T23:00:00,16.72
3984,23,2023-10-14T00:00:00,16.58
3985,23,2023-10-14T01:00:00,15.6
3986,23,2023-10-14T02:00:00,14.07
3987,23,2023-10-14T03:00:00,13.05
3988,23,2023-10-14T04:00:00,11.23
3989,23,2023-10-14T05:00:00,9.95
3990,23,2023-10-14T06:00:00,8.62
3991,23,2023-10-14T07:00:00,8.23
3992,23,2023-10-14T08:00:00,8.3
3993,23,2023-10-14T09:00:00,8.85
3994,23,2023-10-14T10:00:00,10.01
3995,23,2023-10-14T11:00:00,10.98
3996,23,2023-10-14T12:00:00,11.26
3997,23,2023-10-14T13:00:00,10.66
3998,23,2023-10-14T14:00:00,10.57
3999,23,2023-10-14T15:00:00,9.79
4000,23,2023-10-14T16:00:00,9.24
4001,23,2023-10-14T17:00:00,8.33
4002,23,2023-10-14T18:00:00,7.49
4003,23,2023-10-14T19:00:00,6.92
4004,23,2023-10-14T20:00:00,6.3
4005,23,2023-10-14T21:00:00,5.6
4006,23,2023-10-14T22:00:00,5.56
4007,23,2023-10-14T23:00:00,4.72
4008,23,2023-10-15T00:00:00,4.47
4009,23,2023-10-15T01:00:00,4.08
4010,23,2023-10-15T02:00:00,4.14
4011,23,2023-10-15T03:00:00,4.28
4012,23,2023-10-15T04:00:00,3.89
4013,23,2023-10-15T05:00:00,4.07
4014,23,2023-10-15T06:00:00,4.3
4015,23,2023-10-15T07:00:00,4.27
4016,23,2023-10-15T08:00:00,5.01
4017,23,2023-10-15T09:00:00,5.98
4018,23,2023-10-15T10:00:00,7.01
4019,23,2023-10-15T11:00:00,7.21
4020,23,2023-10-15T12:00:00,7.12
4021,23,2023-10-15T13:00:00,6.57
4022,23,2023-10-15T14:00:00,7.23
4023,23,2023-10-15T15:00:00,7.21
4024,23,2023-10-15T16:00:00,6.56
4025,23,2023-10-15T17:00:00,5.91
4026,23,2023-10-15T18:00:00,4.87
4027,23,2023-10-15T19:00:00,4.38
4028,23,2023-10-15T20:00:00,3.66
4029,23,2023-10-15T21:00:00,3.0
4030,23,2023-10-15T22:00:00,2.47
4031,23,2023-10-15T23:00:00,1.78
4032,23,2023-10-16T00:00:00,1.1
4033,23,2023-10-16T01:00:00,0.78
4034,23,2023-10-16T02:00:00,0.44
4035,23,2023-10-16T03:00:00,0.46
4036,23,2023-10-16T04:00:00,0.31
4037,23,2023-10-16T05:00:00,0.2
4038,23,2023-10-16T06:00:00,0.27
4039,23,2023-10-16T07:00:00,0.38
4040,23,2023-10-16T08:00:00,1.73
4041,23,2023-10-16T09:00:00,4.92
4042,23,2023-10-16T10:00:00,7.1
4043,23,2023-10-16T11:00:00,8.72
4044,23,2023-10-16T12:00:00,9.52
4045,23,2023-10-16T13:00:00,9.96
4046,23,2023-10-16T14:00:00,9.99
4047,23,2023-10-16T15:00:00,9.61
4048,23,2023-10-16T16:00:00,8.79
4049,23,2023-10-16T17:00:00,7.59
4050,23,2023-10-16T18:00:00,6.69
4051,23,2023-10-16T19:00:00,6.08
4052,23,2023-10-16T20:00:00,5.85
4053,23,2023-10-16T21:00:00,5.81
4054,23,2023-10-16T22:00:00,5.71
4055,23,2023-10-16T23:00:00,5.26
4056,23,2023-10-17T00:00:00,4.88
4057,23,2023-10-17T01:00:00,4.87
4058,23,2023-10-17T02:00:00,4.95
4059,23,2023-10-17T03:00:00,4.97
4060,23,2023-10-17T04:00:00,4.94
4061,23,2023-10-17T05:00:00,5.05
4062,23,2023-10-17T06:00:00,4.94
4063,23,2023-10-17T07:00:00,4.93
4064,23,2023-10-17T08:00:00,5.51
4065,23,2023-10-17T09:00:00,6.2
4066,23,2023-10-17T10:00:00,7.14
4067,23,2023-10-17T11:00:00,9.09
4068,23,2023-10-17T12:00:00,10.55
4069,23,2023-10-17T13:00:00,11.31
4070,23,2023-10-17T14:00:00,11.67
4071,23,2023-10-17T15:00:00,11.49
4072,23,2023-10-17T16:00:00,10.3
4073,23,2023-10-17T17:00:00,8.7
4074,23,2023-10-17T18:00:00,7.71
4075,23,2023-10-17T19:00:00,7.37
4076,23,2023-10-17T20:00:00,6.91
4077,23,2023-10-17T21:00:00,6.47
4078,23,2023-10-17T22:00:00,6.22
4079,23,2023-10-17T23:00:00,6.33
4080,23,2023-10-18T00:00:00,6.41
4081,23,2023-10-18T01:00:00,6.48
4082,23,2023-10-18T02:00:00,6.76
4083,23,2023-10-18T03:00:00,6.73
4084,23,2023-10-18T04:00:00,7.1
4085,23,2023-10-18T05:00:00,7.46
4086,23,2023-10-18T06:00:00,7.64
4087,23,2023-10-18T07:00:00,8.1
4088,23,2023-10-18T08:00:00,9.45
4089,23,2023-10-18T09:00:00,11.11
4090,23,2023-10-18T10:00:00,12.43
4091,23,2023-10-18T11:00:00,13.96
4092,23,2023-10-18T12:00:00,14.01
4093,23,2023-10-18T13:00:00,14.48
4094,23,2023-10-18T14:00:00,14.53
4095,23,2023-10-18T15:00:00,13.97
4096,23,2023-10-18T16:00:00,13.2
4097,23,2023-10-18T17:00:00,12.42
4098,23,2023-10-18T18:00:00,11.7
4099,23,2023-10-18T19:00:00,10.99
4100,23,2023-10-18T20:00:00,11.08
4101,23,2023-10-18T21:00:00,11.43
4102,23,2023-10-18T22:00:00,11.73
4103,23,2023-10-18T23:00:00,12.35
4104,23,2023-10-19T00:00:00,13.07
4105,23,2023-10-19T01:00:00,13.51
4106,23,2023-10-19T02:00:00,13.52
4107,23,2023-10-19T03:00:00,13.41
4108,23,2023-10-19T04:00:00,13.27
4109,23,2023-10-19T05:00:00,13.06
4110,23,2023-10-19T06:00:00,12.96
4111,23,2023-10-19T07:00:00,12.87
4112,23,2023-10-19T08:00:00,13.19
4113,23,2023-10-19T09:00:00,14.06
4114,23,2023-10-19T10:00:00,14.96
4115,23,2023-10-19T11:00:00,15.29
4116,23,2023-10-19T12:00:00,15.2
4117,23,2023-10-19T13:00:00,14.48
4118,23,2023-10-19T14:00:00,14.79
4119,23,2023-10-19T15:00:00,15.38
4120,23,2023-10-19T16:00:00,15.27
4121,23,2023-10-19T17:00:00,14.42
4122,23,2023-10-19T18:00:00,14.12
4123,23,2023-10-19T19:00:00,14.03
4124,23,2023-10-19T20:00:00,13.87
4125,23,2023-10-19T21:00:00,13.81
4126,23,2023-10-19T22:00:00,13.91
4127,23,2023-10-19T23:00:00,13.89
4128,23,2023-10-20T00:00:00,13.76
4129,23,2023-10-20T01:00:00,13.74
4130,23,2023-10-20T02:00:00,13.92
4131,23,2023-10-20T03:00:00,13.81
4132,23,2023-10-20T04:00:00,13.8
4133,23,2023-10-20T05:00:00,13.69
4134,23,2023-10-20T06:00:00,13.59
4135,23,2023-10-20T07:00:00,13.52
4136,23,2023-10-20T08:00:00,13.53
4137,23,2023-10-20T09:00:00,13.57
4138,23,2023-10-20T10:00:00,13.75
4139,23,2023-10-20T11:00:00,13.96
4140,23,2023-10-20T12:00:00,13.63
4141,23,2023-10-20T13:00:00,13.07
4142,23,2023-10-20T14:00:00,12.32
4143,23,2023-10-20T15:00:00,12.19
4144,23,2023-10-20T16:00:00,12.26
4145,23,2023-10-20T17:00:00,12.07
4146,23,2023-10-20T18:00:00,11.79
4147,23,2023-10-20T19:00:00,11.61
4148,23,2023-10-20T20:00:00,11.49
4149,23,2023-10-20T21:00:00,11.55
4150,23,2023-10-20T22:00:00,11.51
4151,23,2023-10-20T23:00:00,11.24
4152,23,2023-10-21T00:00:00,11.03
4153,23,2023-10-21T01:00:00,10.87
4154,23,2023-10-21T02:00:00,11.35
4155,23,2023-10-21T03:00:00,11.87
4156,23,2023-10-21T04:00:00,11.91
4157,23,2023-10-21T05:00:00,11.51
4158,23,2023-10-21T06:00:00,11.21
4159,23,2023-10-21T07:00:00,10.63
4160,23,2023-10-21T08:00:00,10.4
4161,23,2023-10-21T09:00:00,10.72
4162,23,2023-10-21T10:00:00,10.98
4163,23,2023-10-21T11:00:00,11.31
4164,23,2023-10-21T12:00:00,12.09
4165,23,2023-10-21T13:00:00,12.12
4166,23,2023-10-21T14:00:00,12.5
4167,23,2023-10-21T15:00:00,12.6
4168,23,2023-10-21T16:00:00,12.37
4169,23,2023-10-21T17:00:00,11.89
4170,23,2023-10-21T18:00:00,11.72
4171,23,2023-10-21T19:00:00,11.61
4172,23,2023-10-21T20:00:00,11.53
4173,23,2023-10-21T21:00:00,11.5
4174,23,2023-10-21T22:00:00,11.07
4175,23,2023-10-21T23:00:00,10.63
4176,23,2023-10-22T00:00:00,10.36
4177,23,2023-10-22T01:00:00,10.15
4178,23,2023-10-22T02:00:00,10.04
4179,23,2023-10-22T03:00:00,10.03
4180,23,2023-10-22T04:00:00,9.64
4181,23,2023-10-22T05:00:00,9.57
4182,23,2023-10-22T06:00:00,9.52
4183,23,2023-10-22T07:00:00,9.62
4184,23,2023-10-22T08:00:00,9.78
4185,23,2023-10-22T09:00:00,10.09
4186,23,2023-10-22T10:00:00,10.48
4187,23,2023-10-22T11:00:00,10.83
4188,23,2023-10-22T12:00:00,11.1
4189,23,2023-10-22T13:00:00,11.26
4190,23,2023-10-22T14:00:00,11.79
4191,23,2023-10-22T15:00:00,11.61
4192,23,2023-10-22T16:00:00,11.24
4193,23,2023-10-22T17:00:00,10.57
4194,23,2023-10-22T18:00:00,10.32
4195,23,2023-10-22T19:00:00,9.97
4196,23,2023-10-22T20:00:00,9.46
4197,23,2023-10-22T21:00:00,9.04
4198,23,2023-10-22T22:00:00,8.69
4199,23,2023-10-22T23:00:00,8.35
4200,23,2023-10-23T00:00:00,8.11
4201,23,2023-10-23T01:00:00,7.25
4202,23,2023-10-23T02:00:00,6.05
4203,23,2023-10-23T03:00:00,5.71
4204,23,2023-10-23T04:00:00,5.02
4205,23,2023-10-23T05:00:00,4.65
4206,23,2023-10-23T06:00:00,4.41
4207,23,2023-10-23T07:00:00,4.74
4208,23,2023-10-23T08:00:00,6.65
4209,23,2023-10-23T09:00:00,8.14
4210,23,2023-10-23T10:00:00,9.68
4211,23,2023-10-23T11:00:00,10.47
4212,23,2023-10-23T12:00:00,10.91
4213,23,2023-10-23T13:00:00,11.19
4214,23,2023-10-23T14:00:00,10.77
4215,23,2023-10-23T15:00:00,10.23
4216,23,2023-10-23T16:00:00,9.82
4217,23,2023-10-23T17:00:00,9.72
4218,23,2023-10-23T18:00:00,9.99
4219,23,2023-10-23T19:00:00,10.18
4220,23,2023-10-23T20:00:00,10.28
4221,23,2023-10-23T21:00:00,10.35
4222,23,2023-10-23T22:00:00,10.2
4223,23,2023-10-23T23:00:00,10.29
4224,23,2023-10-24T00:00:00,10.46
4225,23,2023-10-24T01:00:00,10.31
4226,23,2023-10-24T02:00:00,10.01
4227,23,2023-10-24T03:00:00,9.76
4228,23,2023-10-24T04:00:00,9.6
4229,23,2023-10-24T05:00:00,9.44
4230,23,2023-10-24T06:00:00,9.4
4231,23,2023-10-24T07:00:00,9.29
4232,23,2023-10-24T08:00:00,9.4
4233,23,2023-10-24T09:00:00,9.88
4234,23,2023-10-24T10:00:00,10.13
4235,23,2023-10-24T11:00:00,10.02
4236,23,2023-10-24T12:00:00,9.77
4237,23,2023-10-24T13:00:00,10.69
4238,23,2023-10-24T14:00:00,11.57
4239,23,2023-10-24T15:00:00,11.67
4240,23,2023-10-24T16:00:00,11.18
4241,23,2023-10-24T17:00:00,9.91
4242,23,2023-10-24T18:00:00,9.24
4243,23,2023-10-24T19:00:00,8.49
4244,23,2023-10-24T20:00:00,7.93
4245,23,2023-10-24T21:00:00,7.64
4246,23,2023-10-24T22:00:00,7.16
4247,23,2023-10-24T23:00:00,7.18
4248,23,2023-10-25T00:00:00,7.22
4249,23,2023-10-25T01:00:00,7.18
4250,23,2023-10-25T02:00:00,6.89
4251,23,2023-10-25T03:00:00,6.88
4252,23,2023-10-25T04:00:00,7.26
4253,23,2023-10-25T05:00:00,7.67
4254,23,2023-10-25T06:00:00,7.6
4255,23,2023-10-25T07:00:00,8.04
4256,23,2023-10-25T08:00:00,8.45
4257,23,2023-10-25T09:00:00,8.86
4258,23,2023-10-25T10:00:00,8.94
4259,23,2023-10-25T11:00:00,9.1
4260,23,2023-10-25T12:00:00,9.33
4261,23,2023-10-25T13:00:00,9.91
4262,23,2023-10-25T14:00:00,10.65
4263,23,2023-10-25T15:00:00,10.99
4264,23,2023-10-25T16:00:00,10.54
4265,23,2023-10-25T17:00:00,9.7
4266,23,2023-10-25T18:00:00,9.17
4267,23,2023-10-25T19:00:00,8.79
4268,23,2023-10-25T20:00:00,8.53
4269,23,2023-10-25T21:00:00,8.43
4270,23,2023-10-25T22:00:00,8.32
4271,23,2023-10-25T23:00:00,8.16
4272,23,2023-10-26T00:00:00,8.06
4273,23,2023-10-26T01:00:00,7.97
4274,23,2023-10-26T02:00:00,7.69
4275,23,2023-10-26T03:00:00,7.28
4276,23,2023-10-26T04:00:00,7.05
4277,23,2023-10-26T05:00:00,6.56
4278,23,2023-10-26T06:00:00,5.81
4279,23,2023-10-26T07:00:00,5.58
4280,23,2023-10-26T08:00:00,6.11
4281,23,2023-10-26T09:00:00,6.95
4282,23,2023-10-26T10:00:00,7.5
4283,23,2023-10-26T11:00:00,8.51
4284,23,2023-10-26T12:00:00,8.97
4285,23,2023-10-26T13:00:00,9.56
4286,23,2023-10-26T14:00:00,9.43
4287,23,2023-10-26T15:00:00,9.55
4288,23,2023-10-26T16:00:00,9.71
4289,23,2023-10-26T17:00:00,9.09
4290,23,2023-10-26T18:00:00,8.37
4291,23,2023-10-26T19:00:00,8.33
4292,23,2023-10-26T20:00:00,8.5
4293,23,2023-10-26T21:00:00,8.32
4294,23,2023-10-26T22:00:00,8.21
4295,23,2023-10-26T23:00:00,8.13
4296,23,2023-10-27T00:00:00,8.25
4297,23,2023-10-27T01:00:00,8.47
4298,23,2023-10-27T02:00:00,8.6
4299,23,2023-10-27T03:00:00,8.73
4300,23,2023-10-27T04:00:00,8.7
4301,23,2023-10-27T05:00:00,8.59
4302,23,2023-10-27T06:00:00,8.46
4303,23,2023-10-27T07:00:00,8.5
4304,23,2023-10-27T08:00:00,8.73
4305,23,2023-10-27T09:00:00,9.43
4306,23,2023-10-27T10:00:00,9.97
4307,23,2023-10-27T11:00:00,10.28
4308,23,2023-10-27T12:00:00,10.06
4309,23,2023-10-27T13:00:00,10.24
4310,23,2023-10-27T14:00:00,10.82
4311,23,2023-10-27T15:00:00,10.56
4312,23,2023-10-27T16:00:00,10.53
4313,23,2023-10-27T17:00:00,9.66
4314,23,2023-10-27T18:00:00,8.93
4315,23,2023-10-27T19:00:00,8.77
4316,23,2023-10-27T20:00:00,8.69
4317,23,2023-10-27T21:00:00,8.83
4318,23,2023-10-27T22:00:00,8.89
4319,23,2023-10-27T23:00:00,8.74
4320,23,2023-10-28T00:00:00,8.45
4321,23,2023-10-28T01:00:00,8.23
4322,23,2023-10-28T02:00:00,8.15
4323,23,2023-10-28T03:00:00,7.94
4324,23,2023-10-28T04:00:00,8.15
4325,23,2023-10-28T05:00:00,8.55
4326,23,2023-10-28T06:00:00,8.74
4327,23,2023-10-28T07:00:00,8.89
4328,23,2023-10-28T08:00:00,9.24
4329,23,2023-10-28T09:00:00,9.7
4330,23,2023-10-28T10:00:00,10.22
4331,23,2023-10-28T11:00:00,10.49
4332,23,2023-10-28T12:00:00,10.54
4333,23,2023-10-28T13:00:00,10.53
4334,23,2023-10-28T14:00:00,10.57
4335,23,2023-10-28T15:00:00,10.41
4336,23,2023-10-28T16:00:00,10.02
4337,23,2023-10-28T17:00:00,9.82
4338,23,2023-10-28T18:00:00,10.03
4339,23,2023-10-28T19:00:00,10.24
4340,23,2023-10-28T20:00:00,10.39
4341,23,2023-10-28T21:00:00,10.72
4342,23,2023-10-28T22:00:00,10.99
4343,23,2023-10-28T23:00:00,11.41
4344,23,2023-10-29T00:00:00,11.63
4345,23,2023-10-29T01:00:00,11.67
4346,23,2023-10-29T02:00:00,11.46
4347,23,2023-10-29T03:00:00,11.68
4348,23,2023-10-29T04:00:00,11.87
4349,23,2023-10-29T05:00:00,11.84
4350,23,2023-10-29T06:00:00,11.51
4351,23,2023-10-29T07:00:00,11.07
4352,23,2023-10-29T08:00:00,10.9
4353,23,2023-10-29T09:00:00,10.85
4354,23,2023-10-29T10:00:00,11.08
4355,23,2023-10-29T11:00:00,11.0
4356,23,2023-10-29T12:00:00,11.09
4357,23,2023-10-29T13:00:00,11.33
4358,23,2023-10-29T14:00:00,11.54
4359,23,2023-10-29T15:00:00,12.01
4360,23,2023-10-29T16:00:00,11.81
4361,23,2023-10-29T17:00:00,11.28
4362,23,2023-10-29T18:00:00,11.07
4363,23,2023-10-29T19:00:00,10.69
4364,23,2023-10-29T20:00:00,10.52
4365,23,2023-10-29T21:00:00,10.32
4366,23,2023-10-29T22:00:00,10.16
4367,23,2023-10-29T23:00:00,10.06
4368,23,2023-10-30T00:00:00,10.05
4369,23,2023-10-30T01:00:00,10.07
4370,23,2023-10-30T02:00:00,10.01
4371,23,2023-10-30T03:00:00,9.75
4372,23,2023-10-30T04:00:00,9.51
4373,23,2023-10-30T05:00:00,9.46
4374,23,2023-10-30T06:00:00,9.44
4375,23,2023-10-30T07:00:00,9.68
4376,23,2023-10-30T08:00:00,10.0
4377,23,2023-10-30T09:00:00,10.36
4378,23,2023-10-30T10:00:00,10.87
4379,23,2023-10-30T11:00:00,11.56
4380,23,2023-10-30T12:00:00,11.77
4381,23,2023-10-30T13:00:00,11.88
4382,23,2023-10-30T14:00:00,11.66
4383,23,2023-10-30T15:00:00,11.29
4384,23,2023-10-30T16:00:00,11.08
4385,23,2023-10-30T17:00:00,11.09
4386,23,2023-10-30T18:00:00,11.11
4387,23,2023-10-30T19:00:00,11.08
4388,23,2023-10-30T20:00:00,10.85
4389,23,2023-10-30T21:00:00,10.62
4390,23,2023-10-30T22:00:00,9.77
4391,23,2023-10-30T23:00:00,8.82
4392,23,2023-10-31T00:00:00,8.33
4393,23,2023-10-31T01:00:00,8.0
4394,23,2023-10-31T02:00:00,8.08
4395,23,2023-10-31T03:00:00,8.23
4396,23,2023-10-31T04:00:00,8.28
4397,23,2023-10-31T05:00:00,8.22
4398,23,2023-10-31T06:00:00,7.93
4399,23,2023-10-31T07:00:00,7.78
4400,23,2023-10-31T08:00:00,7.85
4401,23,2023-10-31T09:00:00,8.27
4402,23,2023-10-31T10:00:00,8.77
4403,23,2023-10-31T11:00:00,8.95
4404,23,2023-10-31T12:00:00,9.59
4405,23,2023-10-31T13:00:00,9.98
4406,23,2023-10-31T14:00:00,9.79
4407,23,2023-10-31T15:00:00,9.53
4408,23,2023-10-31T16:00:00,9.52
4409,23,2023-10-31T17:00:00,9.39
4410,23,2023-10-31T18:00:00,9.37
4411,23,2023-10-31T19:00:00,9.47
4412,23,2023-10-31T20:00:00,9.67
4413,23,2023-10-31T21:00:00,9.7
4414,23,2023-10-31T22:00:00,9.81
4415,23,2023-10-31T23:00:00,9.83
4416,23,2023-11-01T00:00:00,9.71
4417,23,2023-11-01T01:00:00,9.56
4418,23,2023-11-01T02:00:00,9.6
4419,23,2023-11-01T03:00:00,9.94
4420,23,2023-11-01T04:00:00,10.37
4421,23,2023-11-01T05:00:00,10.49
4422,23,2023-11-01T06:00:00,10.37
4423,23,2023-11-01T07:00:00,10.36
4424,23,2023-11-01T08:00:00,10.39
4425,23,2023-11-01T09:00:00,10.5
4426,23,2023-11-01T10:00:00,11.01
4427,23,2023-11-01T11:00:00,11.57
4428,23,2023-11-01T12:00:00,11.71
4429,23,2023-11-01T13:00:00,12.08
4430,23,2023-11-01T14:00:00,11.85
4431,23,2023-11-01T15:00:00,11.17
4432,23,2023-11-01T16:00:00,10.43
4433,23,2023-11-01T17:00:00,9.65
4434,23,2023-11-01T18:00:00,9.3
4435,23,2023-11-01T19:00:00,9.17
4436,23,2023-11-01T20:00:00,9.03
4437,23,2023-11-01T21:00:00,9.01
4438,23,2023-11-01T22:00:00,8.73
4439,23,2023-11-01T23:00:00,8.7
4440,23,2023-11-02T00:00:00,8.76
4441,23,2023-11-02T01:00:00,8.94
4442,23,2023-11-02T02:00:00,8.92
4443,23,2023-11-02T03:00:00,8.78
4444,23,2023-11-02T04:00:00,8.71
4445,23,2023-11-02T05:00:00,8.99
4446,23,2023-11-02T06:00:00,9.7
4447,23,2023-11-02T07:00:00,10.15
4448,23,2023-11-02T08:00:00,10.42
4449,23,2023-11-02T09:00:00,10.75
4450,23,2023-11-02T10:00:00,10.86
4451,23,2023-11-02T11:00:00,11.11
4452,23,2023-11-02T12:00:00,11.34
4453,23,2023-11-02T13:00:00,11.47
4454,23,2023-11-02T14:00:00,11.21
4455,23,2023-11-02T15:00:00,10.87
4456,23,2023-11-02T16:00:00,10.19
4457,23,2023-11-02T17:00:00,9.72
4458,23,2023-11-02T18:00:00,9.38
4459,23,2023-11-02T19:00:00,8.57
4460,23,2023-11-02T20:00:00,7.45
4461,23,2023-11-02T21:00:00,7.21
4462,23,2023-11-02T22:00:00,6.85
4463,23,2023-11-02T23:00:00,6.52
4464,23,2023-11-03T00:00:00,6.52
4465,23,2023-11-03T01:00:00,6.41
4466,23,2023-11-03T02:00:00,6.4
4467,23,2023-11-03T03:00:00,6.43
4468,23,2023-11-03T04:00:00,6.41
4469,23,2023-11-03T05:00:00,6.23
4470,23,2023-11-03T06:00:00,6.03
4471,23,2023-11-03T07:00:00,6.0
4472,23,2023-11-03T08:00:00,6.18
4473,23,2023-11-03T09:00:00,6.51
4474,23,2023-11-03T10:00:00,7.2
4475,23,2023-11-03T11:00:00,7.43
4476,23,2023-11-03T12:00:00,7.94
4477,23,2023-11-03T13:00:00,8.33
4478,23,2023-11-03T14:00:00,8.13
4479,23,2023-11-03T15:00:00,8.1
4480,23,2023-11-03T16:00:00,7.25
4481,23,2023-11-03T17:00:00,6.46
4482,23,2023-11-03T18:00:00,6.3
4483,23,2023-11-03T19:00:00,6.29
4484,23,2023-11-03T20:00:00,6.44
4485,23,2023-11-03T21:00:00,6.23
4486,23,2023-11-03T22:00:00,5.98
4487,23,2023-11-03T23:00:00,5.83
4488,23,2023-11-04T00:00:00,5.89
4489,23,2023-11-04T01:00:00,6.02
4490,23,2023-11-04T02:00:00,6.16
4491,23,2023-11-04T03:00:00,6.34
4492,23,2023-11-04T04:00:00,6.51
4493,23,2023-11-04T05:00:00,6.63
4494,23,2023-11-04T06:00:00,6.53
4495,23,2023-11-04T07:00:00,6.4
4496,23,2023-11-04T08:00:00,6.78
4497,23,2023-11-04T09:00:00,7.11
4498,23,2023-11-04T10:00:00,7.18
4499,23,2023-11-04T11:00:00,6.92
4500,23,2023-11-04T12:00:00,7.06
4501,23,2023-11-04T13:00:00,7.24
4502,23,2023-11-04T14:00:00,7.74
4503,23,2023-11-04T15:00:00,8.1
4504,23,2023-11-04T16:00:00,8.59
4505,23,2023-11-04T17:00:00,8.83
4506,23,2023-11-04T18:00:00,8.96
4507,23,2023-11-04T19:00:00,9.08
4508,23,2023-11-04T20:00:00,8.37
4509,23,2023-11-04T21:00:00,8.36
4510,23,2023-11-04T22:00:00,8.27
4511,23,2023-11-04T23:00:00,8.23
4512,23,2023-11-05T00:00:00,8.17
4513,23,2023-11-05T01:00:00,8.11
4514,23,2023-11-05T02:00:00,7.96
4515,23,2023-11-05T03:00:00,8.11
4516,23,2023-11-05T04:00:00,8.17
4517,23,2023-11-05T05:00:00,8.11
4518,23,2023-11-05T06:00:00,7.99
4519,23,2023-11-05T07:00:00,7.98
4520,23,2023-11-05T08:00:00,8.07
4521,23,2023-11-05T09:00:00,8.29
4522,23,2023-11-05T10:00:00,8.57
4523,23,2023-11-05T11:00:00,8.83
4524,23,2023-11-05T12:00:00,9.11
4525,23,2023-11-05T13:00:00,8.99
4526,23,2023-11-05T14:00:00,8.3
4527,23,2023-11-05T15:00:00,8.58
4528,23,2023-11-05T16:00:00,8.62
4529,23,2023-11-05T17:00:00,8.43
4530,23,2023-11-05T18:00:00,8.25
4531,23,2023-11-05T19:00:00,8.2
4532,23,2023-11-05T20:00:00,8.03
4533,23,2023-11-05T21:00:00,7.85
4534,23,2023-11-05T22:00:00,7.94
4535,23,2023-11-05T23:00:00,7.88
4536,23,2023-11-06T00:00:00,7.94
4537,23,2023-11-06T01:00:00,7.82
4538,23,2023-11-06T02:00:00,7.58
4539,23,2023-11-06T03:00:00,7.5
4540,23,2023-11-06T04:00:00,7.32
4541,23,2023-11-06T05:00:00,7.26
4542,23,2023-11-06T06:00:00,7.05
4543,23,2023-11-06T07:00:00,6.82
4544,23,2023-11-06T08:00:00,6.9
4545,23,2023-11-06T09:00:00,7.51
4546,23,2023-11-06T10:00:00,8.01
4547,23,2023-11-06T11:00:00,8.49
4548,23,2023-11-06T12:00:00,8.77
4549,23,2023-11-06T13:00:00,9.07
4550,23,2023-11-06T14:00:00,9.05
4551,23,2023-11-06T15:00:00,8.6
4552,23,2023-11-06T16:00:00,8.18
4553,23,2023-11-06T17:00:00,7.75
4554,23,2023-11-06T18:00:00,7.39
4555,23,2023-11-06T19:00:00,7.25
4556,23,2023-11-06T20:00:00,7.2
4557,23,2023-11-06T21:00:00,7.27
4558,23,2023-11-06T22:00:00,7.32
4559,23,2023-11-06T23:00:00,7.32
4560,23,2023-11-07T00:00:00,7.2
4561,23,2023-11-07T01:00:00,7.01
4562,23,2023-11-07T02:00:00,6.86
4563,23,2023-11-07T03:00:00,6.88
4564,23,2023-11-07T04:00:00,6.96
4565,23,2023-11-07T05:00:00,6.96
4566,23,2023-11-07T06:00:00,6.81
4567,23,2023-11-07T07:00:00,6.61
4568,23,2023-11-07T08:00:00,6.71
4569,23,2023-11-07T09:00:00,7.08
4570,23,2023-11-07T10:00:00,7.46
4571,23,2023-11-07T11:00:00,7.52
4572,23,2023-11-07T12:00:00,7.38
4573,23,2023-11-07T13:00:00,7.25
4574,23,2023-11-07T14:00:00,7.16
4575,23,2023-11-07T15:00:00,7.18
4576,23,2023-11-07T16:00:00,7.01
4577,23,2023-11-07T17:00:00,6.66
4578,23,2023-11-07T18:00:00,6.35
4579,23,2023-11-07T19:00:00,6.09
4580,23,2023-11-07T20:00:00,6.13
4581,23,2023-11-07T21:00:00,6.27
4582,23,2023-11-07T22:00:00,6.25
4583,23,2023-11-07T23:00:00,6.3
4584,23,2023-11-08T00:00:00,6.37
4585,23,2023-11-08T01:00:00,6.39
4586,23,2023-11-08T02:00:00,6.18
4587,23,2023-11-08T03:00:00,6.1
4588,23,2023-11-08T04:00:00,5.9
4589,23,2023-11-08T05:00:00,5.98
4590,23,2023-11-08T06:00:00,6.0
4591,23,2023-11-08T07:00:00,5.97
4592,23,2023-11-08T08:00:00,6.09
4593,23,2023-11-08T09:00:00,6.41
4594,23,2023-11-08T10:00:00,6.86
4595,23,2023-11-08T11:00:00,7.5
4596,23,2023-11-08T12:00:00,7.78
4597,23,2023-11-08T13:00:00,7.75
4598,23,2023-11-08T14:00:00,7.82
4599,23,2023-11-08T15:00:00,7.93
4600,23,2023-11-08T16:00:00,7.71
4601,23,2023-11-08T17:00:00,7.54
4602,23,2023-11-08T18:00:00,7.76
4603,23,2023-11-08T19:00:00,7.98
4604,23,2023-11-08T20:00:00,7.87
4605,23,2023-11-08T21:00:00,7.68
4606,23,2023-11-08T22:00:00,7.63
4607,23,2023-11-08T23:00:00,7.61
4608,23,2023-11-09T00:00:00,7.53
4609,23,2023-11-09T01:00:00,7.59
4610,23,2023-11-09T02:00:00,7.84
4611,23,2023-11-09T03:00:00,7.83
4612,23,2023-11-09T04:00:00,7.86
4613,23,2023-11-09T05:00:00,7.73
4614,23,2023-11-09T06:00:00,7.54
4615,23,2023-11-09T07:00:00,7.34
4616,23,2023-11-09T08:00:00,7.16
4617,23,2023-11-09T09:00:00,7.21
4618,23,2023-11-09T10:00:00,7.53
4619,23,2023-11-09T11:00:00,7.84
4620,23,2023-11-09T12:00:00,8.24
4621,23,2023-11-09T13:00:00,8.51
4622,23,2023-11-09T14:00:00,8.44
4623,23,2023-11-09T15:00:00,8.26
4624,23,2023-11-09T16:00:00,7.99
4625,23,2023-11-09T17:00:00,7.53
4626,23,2023-11-09T18:00:00,6.45
4627,23,2023-11-09T19:00:00,4.9
4628,23,2023-11-09T20:00:00,4.68
4629,23,2023-11-09T21:00:00,4.76
4630,23,2023-11-09T22:00:00,5.05
4631,23,2023-11-09T23:00:00,5.27
4632,23,2023-11-10T00:00:00,5.49
4633,23,2023-11-10T01:00:00,5.63
4634,23,2023-11-10T02:00:00,5.49
4635,23,2023-11-10T03:00:00,5.41
4636,23,2023-11-10T04:00:00,5.33
4637,23,2023-11-10T05:00:00,5.21
4638,23,2023-11-10T06:00:00,4.99
4639,23,2023-11-10T07:00:00,4.9
4640,23,2023-11-10T08:00:00,5.04
4641,23,2023-11-10T09:00:00,5.45
4642,23,2023-11-10T10:00:00,5.46
4643,23,2023-11-10T11:00:00,5.5
4644,23,2023-11-10T12:00:00,5.54
4645,23,2023-11-10T13:00:00,5.76
4646,23,2023-11-10T14:00:00,6.11
4647,23,2023-11-10T15:00:00,6.36
4648,23,2023-11-10T16:00:00,6.36
4649,23,2023-11-10T17:00:00,6.31
4650,23,2023-11-10T18:00:00,6.11
4651,23,2023-11-10T19:00:00,6.14
4652,23,2023-11-10T20:00:00,5.96
4653,23,2023-11-10T21:00:00,5.62
4654,23,2023-11-10T22:00:00,4.8
4655,23,2023-11-10T23:00:00,4.43
4656,23,2023-11-11T00:00:00,4.81
4657,23,2023-11-11T01:00:00,5.02
4658,23,2023-11-11T02:00:00,5.12
4659,23,2023-11-11T03:00:00,5.05
4660,23,2023-11-11T04:00:00,4.67
4661,23,2023-11-11T05:00:00,4.26
4662,23,2023-11-11T06:00:00,3.76
4663,23,2023-11-11T07:00:00,3.54
4664,23,2023-11-11T08:00:00,3.55
4665,23,2023-11-11T09:00:00,4.12
4666,23,2023-11-11T10:00:00,4.78
4667,23,2023-11-11T11:00:00,5.39
4668,23,2023-11-11T12:00:00,5.92
4669,23,2023-11-11T13:00:00,5.68
4670,23,2023-11-11T14:00:00,5.85
4671,23,2023-11-11T15:00:00,5.31
4672,23,2023-11-11T16:00:00,5.37
4673,23,2023-11-11T17:00:00,4.37
4674,23,2023-11-11T18:00:00,3.81
4675,23,2023-11-11T19:00:00,3.85
4676,23,2023-11-11T20:00:00,4.05
4677,23,2023-11-11T21:00:00,4.06
4678,23,2023-11-11T22:00:00,4.23
4679,23,2023-11-11T23:00:00,4.0
4680,23,2023-11-12T00:00:00,3.65
4681,23,2023-11-12T01:00:00,3.24
4682,23,2023-11-12T02:00:00,2.92
4683,23,2023-11-12T03:00:00,2.55
4684,23,2023-11-12T04:00:00,2.3
4685,23,2023-11-12T05:00:00,2.15
4686,23,2023-11-12T06:00:00,1.98
4687,23,2023-11-12T07:00:00,1.98
4688,23,2023-11-12T08:00:00,2.25
4689,23,2023-11-12T09:00:00,2.85
4690,23,2023-11-12T10:00:00,3.61
4691,23,2023-11-12T11:00:00,5.03
4692,23,2023-11-12T12:00:00,6.14
4693,23,2023-11-12T13:00:00,6.32
4694,23,2023-11-12T14:00:00,6.14
4695,23,2023-11-12T15:00:00,6.12
4696,23,2023-11-12T16:00:00,5.72
4697,23,2023-11-12T17:00:00,5.22
4698,23,2023-11-12T18:00:00,4.49
4699,23,2023-11-12T19:00:00,4.41
4700,23,2023-11-12T20:00:00,4.52
4701,23,2023-11-12T21:00:00,4.54
4702,23,2023-11-12T22:00:00,5.1
4703,23,2023-11-12T23:00:00,5.31
4704,23,2023-11-13T00:00:00,5.48
4705,23,2023-11-13T01:00:00,5.69
4706,23,2023-11-13T02:00:00,5.98
4707,23,2023-11-13T03:00:00,6.48
4708,23,2023-11-13T04:00:00,7.5
4709,23,2023-11-13T05:00:00,8.35
4710,23,2023-11-13T06:00:00,8.59
4711,23,2023-11-13T07:00:00,8.46
4712,23,2023-11-13T08:00:00,8.38
4713,23,2023-11-13T09:00:00,8.69
4714,23,2023-11-13T10:00:00,9.91
4715,23,2023-11-13T11:00:00,11.36
4716,23,2023-11-13T12:00:00,12.26
4717,23,2023-11-13T13:00:00,12.71
4718,23,2023-11-13T14:00:00,12.81
4719,23,2023-11-13T15:00:00,12.96
4720,23,2023-11-13T16:00:00,12.76
4721,23,2023-11-13T17:00:00,11.62
4722,23,2023-11-13T18:00:00,10.7
4723,23,2023-11-13T19:00:00,9.53
4724,23,2023-11-13T20:00:00,9.2
4725,23,2023-11-13T21:00:00,9.07
4726,23,2023-11-13T22:00:00,8.98
4727,23,2023-11-13T23:00:00,8.89
4728,23,2023-11-14T00:00:00,8.85
4729,23,2023-11-14T01:00:00,8.75
4730,23,2023-11-14T02:00:00,8.7
4731,23,2023-11-14T03:00:00,8.81
4732,23,2023-11-14T04:00:00,8.93
4733,23,2023-11-14T05:00:00,9.08
4734,23,2023-11-14T06:00:00,9.1
4735,23,2023-11-14T07:00:00,9.02
4736,23,2023-11-14T08:00:00,9.11
4737,23,2023-11-14T09:00:00,9.24
4738,23,2023-11-14T10:00:00,9.3
4739,23,2023-11-14T11:00:00,9.29
4740,23,2023-11-14T12:00:00,9.32
4741,23,2023-11-14T13:00:00,9.67
4742,23,2023-11-14T14:00:00,9.5
4743,23,2023-11-14T15:00:00,9.2
4744,23,2023-11-14T16:00:00,8.82
4745,23,2023-11-14T17:00:00,8.78
4746,23,2023-11-14T18:00:00,8.91
4747,23,2023-11-14T19:00:00,8.21
4748,23,2023-11-14T20:00:00,7.84
4749,23,2023-11-14T21:00:00,7.76
4750,23,2023-11-14T22:00:00,7.88
4751,23,2023-11-14T23:00:00,8.01
4752,23,2023-11-15T00:00:00,8.06
4753,23,2023-11-15T01:00:00,8.22
4754,23,2023-11-15T02:00:00,8.32
4755,23,2023-11-15T03:00:00,8.28
4756,23,2023-11-15T04:00:00,8.2
4757,23,2023-11-15T05:00:00,8.09
4758,23,2023-11-15T06:00:00,8.05
4759,23,2023-11-15T07:00:00,8.03
4760,23,2023-11-15T08:00:00,8.13
4761,23,2023-11-15T09:00:00,8.28
4762,23,2023-11-15T10:00:00,8.54
4763,23,2023-11-15T11:00:00,8.86
4764,23,2023-11-15T12:00:00,9.03
4765,23,2023-11-15T13:00:00,9.47
4766,23,2023-11-15T14:00:00,9.43
4767,23,2023-11-15T15:00:00,8.67
4768,23,2023-11-15T16:00:00,7.73
4769,23,2023-11-15T17:00:00,6.89
4770,23,2023-11-15T18:00:00,6.79
4771,23,2023-11-15T19:00:00,6.64
4772,23,2023-11-15T20:00:00,6.23
4773,23,2023-11-15T21:00:00,6.08
4774,23,2023-11-15T22:00:00,5.91
4775,23,2023-11-15T23:00:00,5.68
4776,23,2023-11-16T00:00:00,5.51
4777,23,2023-11-16T01:00:00,5.46
4778,23,2023-11-16T02:00:00,5.47
4779,23,2023-11-16T03:00:00,5.12
4780,23,2023-11-16T04:00:00,5.01
4781,23,2023-11-16T05:00:00,4.93
4782,23,2023-11-16T06:00:00,4.57
4783,23,2023-11-16T07:00:00,4.25
4784,23,2023-11-16T08:00:00,4.27
4785,23,2023-11-16T09:00:00,4.94
4786,23,2023-11-16T10:00:00,5.32
4787,23,2023-11-16T11:00:00,5.58
4788,23,2023-11-16T12:00:00,5.84
4789,23,2023-11-16T13:00:00,5.92
4790,23,2023-11-16T14:00:00,5.78
4791,23,2023-11-16T15:00:00,5.58
4792,23,2023-11-16T16:00:00,5.21
4793,23,2023-11-16T17:00:00,4.94
4794,23,2023-11-16T18:00:00,4.93
4795,23,2023-11-16T19:00:00,5.11
4796,23,2023-11-16T20:00:00,5.19
4797,23,2023-11-16T21:00:00,5.26
4798,23,2023-11-16T22:00:00,5.18
4799,23,2023-11-16T23:00:00,5.08
4800,23,2023-11-17T00:00:00,4.87
4801,23,2023-11-17T01:00:00,4.84
4802,23,2023-11-17T02:00:00,4.89
4803,23,2023-11-17T03:00:00,4.74
4804,23,2023-11-17T04:00:00,4.84
4805,23,2023-11-17T05:00:00,4.81
4806,23,2023-11-17T06:00:00,4.71
4807,23,2023-11-17T07:00:00,4.84
4808,23,2023-11-17T08:00:00,5.05
4809,23,2023-11-17T09:00:00,5.0
4810,23,2023-11-17T10:00:00,5.0
4811,23,2023-11-17T11:00:00,5.16
4812,23,2023-11-17T12:00:00,5.41
4813,23,2023-11-17T13:00:00,5.6
4814,23,2023-11-17T14:00:00,5.83
4815,23,2023-11-17T15:00:00,5.68
4816,23,2023-11-17T16:00:00,5.1
4817,23,2023-11-17T17:00:00,4.39
4818,23,2023-11-17T18:00:00,4.13
4819,23,2023-11-17T19:00:00,3.88
4820,23,2023-11-17T20:00:00,4.04
4821,23,2023-11-17T21:00:00,4.19
4822,23,2023-11-17T22:00:00,4.07
4823,23,2023-11-17T23:00:00,3.77
4824,23,2023-11-18T00:00:00,3.67
4825,23,2023-11-18T01:00:00,3.53
4826,23,2023-11-18T02:00:00,3.34
4827,23,2023-11-18T03:00:00,3.29
4828,23,2023-11-18T04:00:00,3.42
4829,23,2023-11-18T05:00:00,3.81
4830,23,2023-11-18T06:00:00,4.16
4831,23,2023-11-18T07:00:00,4.4
4832,23,2023-11-18T08:00:00,4.96
4833,23,2023-11-18T09:00:00,5.29
4834,23,2023-11-18T10:00:00,5.48
4835,23,2023-11-18T11:00:00,5.77
4836,23,2023-11-18T12:00:00,5.9
4837,23,2023-11-18T13:00:00,6.0
4838,23,2023-11-18T14:00:00,6.19
4839,23,2023-11-18T15:00:00,6.35
4840,23,2023-11-18T16:00:00,6.54
4841,23,2023-11-18T17:00:00,6.89
4842,23,2023-11-18T18:00:00,7.43
4843,23,2023-11-18T19:00:00,7.74
4844,23,2023-11-18T20:00:00,8.38
4845,23,2023-11-18T21:00:00,8.95
4846,23,2023-11-18T22:00:00,9.49
4847,23,2023-11-18T23:00:00,10.04
4848,23,2023-11-19T00:00:00,10.42
4849,23,2023-11-19T01:00:00,10.66
4850,23,2023-11-19T02:00:00,10.9
4851,23,2023-11-19T03:00:00,11.04
4852,23,2023-11-19T04:00:00,10.89
4853,23,2023-11-19T05:00:00,10.56
4854,23,2023-11-19T06:00:00,10.22
4855,23,2023-11-19T07:00:00,9.79
4856,23,2023-11-19T08:00:00,9.34
4857,23,2023-11-19T09:00:00,9.62
4858,23,2023-11-19T10:00:00,10.14
4859,23,2023-11-19T11:00:00,10.5
4860,23,2023-11-19T12:00:00,10.33
4861,23,2023-11-19T13:00:00,10.78
4862,23,2023-11-19T14:00:00,10.41
4863,23,2023-11-19T15:00:00,10.02
4864,23,2023-11-19T16:00:00,9.84
4865,23,2023-11-19T17:00:00,9.69
4866,23,2023-11-19T18:00:00,9.53
4867,23,2023-11-19T19:00:00,9.26
4868,23,2023-11-19T20:00:00,9.07
4869,23,2023-11-19T21:00:00,9.02
4870,23,2023-11-19T22:00:00,8.9
4871,23,2023-11-19T23:00:00,8.9
4872,23,2023-11-20T00:00:00,8.75
4873,23,2023-11-20T01:00:00,8.68
4874,23,2023-11-20T02:00:00,8.69
4875,23,2023-11-20T03:00:00,8.58
4876,23,2023-11-20T04:00:00,8.44
4877,23,2023-11-20T05:00:00,8.04
4878,23,2023-11-20T06:00:00,7.84
4879,23,2023-11-20T07:00:00,7.66
4880,23,2023-11-20T08:00:00,7.67
4881,23,2023-11-20T09:00:00,7.81
4882,23,2023-11-20T10:00:00,7.88
4883,23,2023-11-20T11:00:00,8.24
4884,23,2023-11-20T12:00:00,8.25
4885,23,2023-11-20T13:00:00,8.18
4886,23,2023-11-20T14:00:00,7.95
4887,23,2023-11-20T15:00:00,7.46
4888,23,2023-11-20T16:00:00,6.95
4889,23,2023-11-20T17:00:00,6.87
4890,23,2023-11-20T18:00:00,6.92
4891,23,2023-11-20T19:00:00,6.97
4892,23,2023-11-20T20:00:00,6.92
4893,23,2023-11-20T21:00:00,6.77
4894,23,2023-11-20T22:00:00,6.72
4895,23,2023-11-20T23:00:00,6.39
4896,23,2023-11-21T00:00:00,6.09
4897,23,2023-11-21T01:00:00,6.02
4898,23,2023-11-21T02:00:00,6.0
4899,23,2023-11-21T03:00:00,6.04
4900,23,2023-11-21T04:00:00,6.11
4901,23,2023-11-21T05:00:00,6.08
4902,23,2023-11-21T06:00:00,5.98
4903,23,2023-11-21T07:00:00,5.94
4904,23,2023-11-21T08:00:00,6.02
4905,23,2023-11-21T09:00:00,6.41
4906,23,2023-11-21T10:00:00,6.71
4907,23,2023-11-21T11:00:00,7.05
4908,23,2023-11-21T12:00:00,7.4
4909,23,2023-11-21T13:00:00,7.48
4910,23,2023-11-21T14:00:00,7.66
4911,23,2023-11-21T15:00:00,7.7
4912,23,2023-11-21T16:00:00,7.61
4913,23,2023-11-21T17:00:00,7.45
4914,23,2023-11-21T18:00:00,7.36
4915,23,2023-11-21T19:00:00,7.24
4916,23,2023-11-21T20:00:00,6.71
4917,23,2023-11-21T21:00:00,5.93
4918,23,2023-11-21T22:00:00,5.01
4919,23,2023-11-21T23:00:00,4.27
4920,23,2023-11-22T00:00:00,3.67
4921,23,2023-11-22T01:00:00,3.14
4922,23,2023-11-22T02:00:00,2.74
4923,23,2023-11-22T03:00:00,2.55
4924,23,2023-11-22T04:00:00,2.73
4925,23,2023-11-22T05:00:00,2.56
4926,23,2023-11-22T06:00:00,2.36
4927,23,2023-11-22T07:00:00,1.98
4928,23,2023-11-22T08:00:00,1.87
4929,23,2023-11-22T09:00:00,2.32
4930,23,2023-11-22T10:00:00,2.72
4931,23,2023-11-22T11:00:00,3.16
4932,23,2023-11-22T12:00:00,3.73
4933,23,2023-11-22T13:00:00,3.97
4934,23,2023-11-22T14:00:00,4.08
4935,23,2023-11-22T15:00:00,3.87
4936,23,2023-11-22T16:00:00,2.98
4937,23,2023-11-22T17:00:00,2.69
4938,23,2023-11-22T18:00:00,2.68
4939,23,2023-11-22T19:00:00,2.5
4940,23,2023-11-22T20:00:00,2.27
4941,23,2023-11-22T21:00:00,2.23
4942,23,2023-11-22T22:00:00,2.61
4943,23,2023-11-22T23:00:00,3.31
4944,23,2023-11-23T00:00:00,4.12
4945,23,2023-11-23T01:00:00,4.4
4946,23,2023-11-23T02:00:00,4.43
4947,23,2023-11-23T03:00:00,4.54
4948,23,2023-11-23T04:00:00,5.03
4949,23,2023-11-23T05:00:00,5.27
4950,23,2023-11-23T06:00:00,5.56
4951,23,2023-11-23T07:00:00,5.86
4952,23,2023-11-23T08:00:00,6.3
4953,23,2023-11-23T09:00:00,6.64
4954,23,2023-11-23T10:00:00,6.96
4955,23,2023-11-23T11:00:00,7.45
4956,23,2023-11-23T12:00:00,7.79
4957,23,2023-11-23T13:00:00,8.0
4958,23,2023-11-23T14:00:00,8.27
4959,23,2023-11-23T15:00:00,8.46
4960,23,2023-11-23T16:00:00,8.67
4961,23,2023-11-23T17:00:00,8.85
4962,23,2023-11-23T18:00:00,8.89
4963,23,2023-11-23T19:00:00,8.86
4964,23,2023-11-23T20:00:00,8.74
4965,23,2023-11-23T21:00:00,8.62
4966,23,2023-11-23T22:00:00,8.45
4967,23,2023-11-23T23:00:00,8.57
4968,23,2023-11-24T00:00:00,8.76
4969,23,2023-11-24T01:00:00,8.45
4970,23,2023-11-24T02:00:00,7.82
4971,23,2023-11-24T03:00:00,6.93
4972,23,2023-11-24T04:00:00,6.24
4973,23,2023-11-24T05:00:00,5.59
4974,23,2023-11-24T06:00:00,4.99
4975,23,2023-11-24T07:00:00,4.81
4976,23,2023-11-24T08:00:00,4.44
4977,23,2023-11-24T09:00:00,4.24
4978,23,2023-11-24T10:00:00,4.28
4979,23,2023-11-24T11:00:00,4.1
4980,23,2023-11-24T12:00:00,3.49
4981,23,2023-11-24T13:00:00,3.37
4982,23,2023-11-24T14:00:00,3.03
4983,23,2023-11-24T15:00:00,2.59
4984,23,2023-11-24T16:00:00,2.42
4985,23,2023-11-24T17:00:00,2.02
4986,23,2023-11-24T18:00:00,1.87
4987,23,2023-11-24T19:00:00,1.73
4988,23,2023-11-24T20:00:00,1.62
4989,23,2023-11-24T21:00:00,1.79
4990,23,2023-11-24T22:00:00,1.96
4991,23,2023-11-24T23:00:00,1.83
4992,23,2023-11-25T00:00:00,1.66
4993,23,2023-11-25T01:00:00,1.33
4994,23,2023-11-25T02:00:00,0.97
4995,23,2023-11-25T03:00:00,0.78
4996,23,2023-11-25T04:00:00,0.91
4997,23,2023-11-25T05:00:00,0.87
4998,23,2023-11-25T06:00:00,0.62
4999,23,2023-11-25T07:00:00,0.84
5000,23,2023-11-25T08:00:00,1.1
5001,23,2023-11-25T09:00:00,1.64
5002,23,2023-11-25T10:00:00,1.99
5003,23,2023-11-25T11:00:00,2.6
5004,23,2023-11-25T12:00:00,3.02
5005,23,2023-11-25T13:00:00,3.52
5006,23,2023-11-25T14:00:00,3.63
5007,23,2023-11-25T15:00:00,3.19
5008,23,2023-11-25T16:00:00,3.05
5009,23,2023-11-25T17:00:00,2.98
5010,23,2023-11-25T18:00:00,3.09
5011,23,2023-11-25T19:00:00,3.08
5012,23,2023-11-25T20:00:00,2.9
5013,23,2023-11-25T21:00:00,2.7
5014,23,2023-11-25T22:00:00,2.37
5015,23,2023-11-25T23:00:00,2.55
5016,23,2023-11-26T00:00:00,2.54
5017,23,2023-11-26T01:00:00,2.19
5018,23,2023-11-26T02:00:00,1.92
5019,23,2023-11-26T03:00:00,1.64
5020,23,2023-11-26T04:00:00,1.74
5021,23,2023-11-26T05:00:00,2.44
5022,23,2023-11-26T06:00:00,2.65
5023,23,2023-11-26T07:00:00,2.71
5024,23,2023-11-26T08:00:00,2.71
5025,23,2023-11-26T09:00:00,2.98
5026,23,2023-11-26T10:00:00,3.19
5027,23,2023-11-26T11:00:00,3.53
5028,23,2023-11-26T12:00:00,3.66
5029,23,2023-11-26T13:00:00,3.6
5030,23,2023-11-26T14:00:00,3.49
5031,23,2023-11-26T15:00:00,3.39
5032,23,2023-11-26T16:00:00,3.2
5033,23,2023-11-26T17:00:00,2.81
5034,23,2023-11-26T18:00:00,2.58
5035,23,2023-11-26T19:00:00,2.41
5036,23,2023-11-26T20:00:00,2.13
5037,23,2023-11-26T21:00:00,1.95
5038,23,2023-11-26T22:00:00,1.88
5039,23,2023-11-26T23:00:00,1.83
5040,23,2023-11-27T00:00:00,1.78
5041,23,2023-11-27T01:00:00,1.69
5042,23,2023-11-27T02:00:00,1.6
5043,23,2023-11-27T03:00:00,1.2
5044,23,2023-11-27T04:00:00,1.03
5045,23,2023-11-27T05:00:00,0.86
5046,23,2023-11-27T06:00:00,0.93
5047,23,2023-11-27T07:00:00,1.11
5048,23,2023-11-27T08:00:00,1.29
5049,23,2023-11-27T09:00:00,1.3
5050,23,2023-11-27T10:00:00,1.38
5051,23,2023-11-27T11:00:00,1.39
5052,23,2023-11-27T12:00:00,1.51
5053,23,2023-11-27T13:00:00,1.64
5054,23,2023-11-27T14:00:00,1.75
5055,23,2023-11-27T15:00:00,1.86
5056,23,2023-11-27T16:00:00,1.93
5057,23,2023-11-27T17:00:00,2.15
5058,23,2023-11-27T18:00:00,2.47
5059,23,2023-11-27T19:00:00,3.02
5060,23,2023-11-27T20:00:00,3.42
5061,23,2023-11-27T21:00:00,3.37
5062,23,2023-11-27T22:00:00,3.27
5063,23,2023-11-27T23:00:00,2.44
5064,23,2023-11-28T00:00:00,1.33
5065,23,2023-11-28T01:00:00,0.46
5066,23,2023-11-28T02:00:00,-0.18
5067,23,2023-11-28T03:00:00,-0.39
5068,23,2023-11-28T04:00:00,-0.34
5069,23,2023-11-28T05:00:00,-0.43
5070,23,2023-11-28T06:00:00,-0.44
5071,23,2023-11-28T07:00:00,-0.6
5072,23,2023-11-28T08:00:00,-0.85
5073,23,2023-11-28T09:00:00,-1.14
5074,23,2023-11-28T10:00:00,-1.3
5075,23,2023-11-28T11:00:00,-1.53
5076,23,2023-11-28T12:00:00,-1.37
5077,23,2023-11-28T13:00:00,-1.18
5078,23,2023-11-28T14:00:00,-0.72
5079,23,2023-11-28T15:00:00,-0.81
5080,23,2023-11-28T16:00:00,-1.2
5081,23,2023-11-28T17:00:00,-1.94
5082,23,2023-11-28T18:00:00,-2.32
5083,23,2023-11-28T19:00:00,-2.87
5084,23,2023-11-28T20:00:00,-3.49
5085,23,2023-11-28T21:00:00,-3.52
5086,23,2023-11-28T22:00:00,-2.99
5087,23,2023-11-28T23:00:00,-2.78
5088,23,2023-11-29T00:00:00,-2.54
5089,23,2023-11-29T01:00:00,-1.99
5090,23,2023-11-29T02:00:00,-1.62
5091,23,2023-11-29T03:00:00,-1.04
5092,23,2023-11-29T04:00:00,-0.59
5093,23,2023-11-29T05:00:00,-0.27
5094,23,2023-11-29T06:00:00,-0.09
5095,23,2023-11-29T07:00:00,-0.01
5096,23,2023-11-29T08:00:00,0.17
5097,23,2023-11-29T09:00:00,0.34
5098,23,2023-11-29T10:00:00,0.58
5099,23,2023-11-29T11:00:00,1.02
5100,23,2023-11-29T12:00:00,1.38
5101,23,2023-11-29T13:00:00,1.64
5102,23,2023-11-29T14:00:00,1.72
5103,23,2023-11-29T15:00:00,1.47
5104,23,2023-11-29T16:00:00,0.52
5105,23,2023-11-29T17:00:00,0.16
5106,23,2023-11-29T18:00:00,0.11
5107,23,2023-11-29T19:00:00,-0.26
5108,23,2023-11-29T20:00:00,-0.53
5109,23,2023-11-29T21:00:00,-0.6
5110,23,2023-11-29T22:00:00,-0.77
5111,23,2023-11-29T23:00:00,-0.46
5112,23,2023-11-30T00:00:00,-0.31
5113,23,2023-11-30T01:00:00,-0.15
5114,23,2023-11-30T02:00:00,-0.07
5115,23,2023-11-30T03:00:00,0.08
5116,23,2023-11-30T04:00:00,0.28
5117,23,2023-11-30T05:00:00,0.43
5118,23,2023-11-30T06:00:00,0.5
5119,23,2023-11-30T07:00:00,0.63
5120,23,2023-11-30T08:00:00,0.64
5121,23,2023-11-30T09:00:00,0.7
5122,23,2023-11-30T10:00:00,1.03
5123,23,2023-11-30T11:00:00,1.33
5124,23,2023-11-30T12:00:00,1.64
5125,23,2023-11-30T13:00:00,2.16
5126,23,2023-11-30T14:00:00,2.17
5127,23,2023-11-30T15:00:00,1.68
5128,23,2023-11-30T16:00:00,1.08
5129,23,2023-11-30T17:00:00,0.58
5130,23,2023-11-30T18:00:00,0.09
5131,23,2023-11-30T19:00:00,-0.23
5132,23,2023-11-30T20:00:00,-0.42
5133,23,2023-11-30T21:00:00,-0.54
5134,23,2023-11-30T22:00:00,-0.7
5135,23,2023-11-30T23:00:00,-0.86
5136,23,2023-12-01T00:00:00,-0.96
5137,23,2023-12-01T01:00:00,-1.07
5138,23,2023-12-01T02:00:00,-1.27
5139,23,2023-12-01T03:00:00,-1.48
5140,23,2023-12-01T04:00:00,-1.49
5141,23,2023-12-01T05:00:00,-1.73
5142,23,2023-12-01T06:00:00,-1.89
5143,23,2023-12-01T07:00:00,-2.08
5144,23,2023-12-01T08:00:00,-2.2
5145,23,2023-12-01T09:00:00,-2.04
5146,23,2023-12-01T10:00:00,-1.92
5147,23,2023-12-01T11:00:00,-1.76
5148,23,2023-12-01T12:00:00,-1.64
5149,23,2023-12-01T13:00:00,-1.77
5150,23,2023-12-01T14:00:00,-1.91
5151,23,2023-12-01T15:00:00,-2.19
5152,23,2023-12-01T16:00:00,-2.52
5153,23,2023-12-01T17:00:00,-2.73
5154,23,2023-12-01T18:00:00,-2.91
5155,23,2023-12-01T19:00:00,-3.1
5156,23,2023-12-01T20:00:00,-3.2
5157,23,2023-12-01T21:00:00,-3.36
5158,23,2023-12-01T22:00:00,-3.42
5159,23,2023-12-01T23:00:00,-3.73
5160,23,2023-12-02T00:00:00,-4.01
5161,23,2023-12-02T01:00:00,-4.28
5162,23,2023-12-02T02:00:00,-4.43
5163,23,2023-12-02T03:00:00,-4.67
5164,23,2023-12-02T04:00:00,-4.74
5165,23,2023-12-02T05:00:00,-4.73
5166,23,2023-12-02T06:00:00,-4.7
5167,23,2023-12-02T07:00:00,-4.69
5168,23,2023-12-02T08:00:00,-4.71
5169,23,2023-12-02T09:00:00,-4.55
5170,23,2023-12-02T10:00:00,-4.04
5171,23,2023-12-02T11:00:00,-3.46
5172,23,2023-12-02T12:00:00,-2.85
5173,23,2023-12-02T13:00:00,-2.26
5174,23,2023-12-02T14:00:00,-1.9
5175,23,2023-12-02T15:00:00,-2.25
5176,23,2023-12-02T16:00:00,-3.04
5177,23,2023-12-02T17:00:00,-3.29
5178,23,2023-12-02T18:00:00,-3.21
5179,23,2023-12-02T19:00:00,-2.95
5180,23,2023-12-02T20:00:00,-2.9
5181,23,2023-12-02T21:00:00,-3.06
5182,23,2023-12-02T22:00:00,-3.59
5183,23,2023-12-02T23:00:00,-3.96
5184,23,2023-12-03T00:00:00,-3.97
5185,23,2023-12-03T01:00:00,-3.71
5186,23,2023-12-03T02:00:00,-3.37
5187,23,2023-12-03T03:00:00,-3.44
5188,23,2023-12-03T04:00:00,-3.52
5189,23,2023-12-03T05:00:00,-3.6
5190,23,2023-12-03T06:00:00,-3.85
5191,23,2023-12-03T07:00:00,-3.77
5192,23,2023-12-03T08:00:00,-3.44
5193,23,2023-12-03T09:00:00,-2.77
5194,23,2023-12-03T10:00:00,-2.38
5195,23,2023-12-03T11:00:00,-1.94
5196,23,2023-12-03T12:00:00,-1.35
5197,23,2023-12-03T13:00:00,-1.04
5198,23,2023-12-03T14:00:00,-1.1
5199,23,2023-12-03T15:00:00,-1.51
5200,23,2023-12-03T16:00:00,-1.57
5201,23,2023-12-03T17:00:00,-1.66
5202,23,2023-12-03T18:00:00,-1.7
5203,23,2023-12-03T19:00:00,-1.55
5204,23,2023-12-03T20:00:00,-1.36
5205,23,2023-12-03T21:00:00,-1.08
5206,23,2023-12-03T22:00:00,-0.99
5207,23,2023-12-03T23:00:00,-1.02
5208,23,2023-12-04T00:00:00,-1.05
5209,23,2023-12-04T01:00:00,-1.08
5210,23,2023-12-04T02:00:00,-1.23
5211,23,2023-12-04T03:00:00,-1.16
5212,23,2023-12-04T04:00:00,-1.11
5213,23,2023-12-04T05:00:00,-1.19
5214,23,2023-12-04T06:00:00,-0.58
5215,23,2023-12-04T07:00:00,-0.27
5216,23,2023-12-04T08:00:00,0.07
5217,23,2023-12-04T09:00:00,0.1
5218,23,2023-12-04T10:00:00,0.09
5219,23,2023-12-04T11:00:00,0.14
5220,23,2023-12-04T12:00:00,0.6
5221,23,2023-12-04T13:00:00,1.11
5222,23,2023-12-04T14:00:00,1.36
5223,23,2023-12-04T15:00:00,1.48
5224,23,2023-12-04T16:00:00,1.67
5225,23,2023-12-04T17:00:00,1.93
5226,23,2023-12-04T18:00:00,2.14
5227,23,2023-12-04T19:00:00,2.41
5228,23,2023-12-04T20:00:00,2.77
5229,23,2023-12-04T21:00:00,3.14
5230,23,2023-12-04T22:00:00,3.29
5231,23,2023-12-04T23:00:00,3.43
5232,23,2023-12-05T00:00:00,3.7
5233,23,2023-12-05T01:00:00,4.03
5234,23,2023-12-05T02:00:00,4.43
5235,23,2023-12-05T03:00:00,4.68
5236,23,2023-12-05T04:00:00,4.69
5237,23,2023-12-05T05:00:00,4.96
5238,23,2023-12-05T06:00:00,4.86
5239,23,2023-12-05T07:00:00,4.66
5240,23,2023-12-05T08:00:00,4.36
5241,23,2023-12-05T09:00:00,4.17
5242,23,2023-12-05T10:00:00,4.02
5243,23,2023-12-05T11:00:00,3.73
5244,23,2023-12-05T12:00:00,3.47
5245,23,2023-12-05T13:00:00,3.16
5246,23,2023-12-05T14:00:00,2.92
5247,23,2023-12-05T15:00:00,2.51
5248,23,2023-12-05T16:00:00,2.07
5249,23,2023-12-05T17:00:00,1.99
5250,23,2023-12-05T18:00:00,1.94
5251,23,2023-12-05T19:00:00,1.9
5252,23,2023-12-05T20:00:00,1.88
5253,23,2023-12-05T21:00:00,1.84
5254,23,2023-12-05T22:00:00,1.74
5255,23,2023-12-05T23:00:00,1.58
5256,23,2023-12-06T00:00:00,1.36
5257,23,2023-12-06T01:00:00,1.08
5258,23,2023-12-06T02:00:00,0.83
5259,23,2023-12-06T03:00:00,0.87
5260,23,2023-12-06T04:00:00,0.98
5261,23,2023-12-06T05:00:00,1.16
5262,23,2023-12-06T06:00:00,1.36
5263,23,2023-12-06T07:00:00,1.6
5264,23,2023-12-06T08:00:00,1.82
5265,23,2023-12-06T09:00:00,1.91
5266,23,2023-12-06T10:00:00,2.07
5267,23,2023-12-06T11:00:00,2.48
5268,23,2023-12-06T12:00:00,2.75
5269,23,2023-12-06T13:00:00,3.02
5270,23,2023-12-06T14:00:00,3.15
5271,23,2023-12-06T15:00:00,2.97
5272,23,2023-12-06T16:00:00,2.6
5273,23,2023-12-06T17:00:00,2.17
5274,23,2023-12-06T18:00:00,1.73
5275,23,2023-12-06T19:00:00,0.99
5276,23,2023-12-06T20:00:00,0.86
5277,23,2023-12-06T21:00:00,0.76
5278,23,2023-12-06T22:00:00,0.64
5279,23,2023-12-06T23:00:00,0.49
5280,23,2023-12-07T00:00:00,0.29
5281,23,2023-12-07T01:00:00,0.11
5282,23,2023-12-07T02:00:00,0.11
5283,23,2023-12-07T03:00:00,0.06
5284,23,2023-12-07T04:00:00,-0.05
5285,23,2023-12-07T05:00:00,-0.13
5286,23,2023-12-07T06:00:00,-0.2
5287,23,2023-12-07T07:00:00,-0.35
5288,23,2023-12-07T08:00:00,-0.52
5289,23,2023-12-07T09:00:00,-0.42
5290,23,2023-12-07T10:00:00,0.47
5291,23,2023-12-07T11:00:00,1.38
5292,23,2023-12-07T12:00:00,2.01
5293,23,2023-12-07T13:00:00,1.95
5294,23,2023-12-07T14:00:00,1.77
5295,23,2023-12-07T15:00:00,1.59
5296,23,2023-12-07T16:00:00,1.27
5297,23,2023-12-07T17:00:00,1.02
5298,23,2023-12-07T18:00:00,0.79
5299,23,2023-12-07T19:00:00,0.92
5300,23,2023-12-07T20:00:00,1.12
5301,23,2023-12-07T21:00:00,1.37
5302,23,2023-12-07T22:00:00,1.65
5303,23,2023-12-07T23:00:00,1.77
5304,23,2023-12-08T00:00:00,1.69
5305,23,2023-12-08T01:00:00,1.59
5306,23,2023-12-08T02:00:00,1.61
5307,23,2023-12-08T03:00:00,1.69
5308,23,2023-12-08T04:00:00,1.38
5309,23,2023-12-08T05:00:00,1.4
5310,23,2023-12-08T06:00:00,1.63
5311,23,2023-12-08T07:00:00,1.87
5312,23,2023-12-08T08:00:00,2.2
5313,23,2023-12-08T09:00:00,2.6
5314,23,2023-12-08T10:00:00,3.18
5315,23,2023-12-08T11:00:00,3.69
5316,23,2023-12-08T12:00:00,4.45
5317,23,2023-12-08T13:00:00,5.06
5318,23,2023-12-08T14:00:00,5.24
5319,23,2023-12-08T15:00:00,5.19
5320,23,2023-12-08T16:00:00,5.13
5321,23,2023-12-08T17:00:00,5.23
5322,23,2023-12-08T18:00:00,5.21
5323,23,2023-12-08T19:00:00,5.27
5324,23,2023-12-08T20:00:00,5.24
5325,23,2023-12-08T21:00:00,5.24
5326,23,2023-12-08T22:00:00,5.27
5327,23,2023-12-08T23:00:00,5.27
5328,23,2023-12-09T00:00:00,5.25
5329,23,2023-12-09T01:00:00,5.32
5330,23,2023-12-09T02:00:00,5.2
5331,23,2023-12-09T03:00:00,5.24
5332,23,2023-12-09T04:00:00,5.16
5333,23,2023-12-09T05:00:00,5.11
5334,23,2023-12-09T06:00:00,5.1
5335,23,2023-12-09T07:00:00,5.19
5336,23,2023-12-09T08:00:00,5.43
5337,23,2023-12-09T09:00:00,5.64
5338,23,2023-12-09T10:00:00,6.02
5339,23,2023-12-09T11:00:00,6.1
5340,23,2023-12-09T12:00:00,5.82
5341,23,2023-12-09T13:00:00,5.52
5342,23,2023-12-09T14:00:00,5.21
5343,23,2023-12-09T15:00:00,5.44
5344,23,2023-12-09T16:00:00,5.71
5345,23,2023-12-09T17:00:00,5.99
5346,23,2023-12-09T18:00:00,6.55
5347,23,2023-12-09T19:00:00,7.58
5348,23,2023-12-09T20:00:00,8.35
5349,23,2023-12-09T21:00:00,7.55
5350,23,2023-12-09T22:00:00,7.26
5351,23,2023-12-09T23:00:00,7.35
5352,23,2023-12-10T00:00:00,7.44
5353,23,2023-12-10T01:00:00,7.34
5354,23,2023-12-10T02:00:00,7.21
5355,23,2023-12-10T03:00:00,7.06
5356,23,2023-12-10T04:00:00,7.01
5357,23,2023-12-10T05:00:00,7.07
5358,23,2023-12-10T06:00:00,7.07
5359,23,2023-12-10T07:00:00,7.0
5360,23,2023-12-10T08:00:00,6.89
5361,23,2023-12-10T09:00:00,7.01
5362,23,2023-12-10T10:00:00,7.38
5363,23,2023-12-10T11:00:00,7.78
5364,23,2023-12-10T12:00:00,7.9
5365,23,2023-12-10T13:00:00,8.2
5366,23,2023-12-10T14:00:00,7.95
5367,23,2023-12-10T15:00:00,7.35
5368,23,2023-12-10T16:00:00,7.2
5369,23,2023-12-10T17:00:00,7.09
5370,23,2023-12-10T18:00:00,6.84
5371,23,2023-12-10T19:00:00,7.5
5372,23,2023-12-10T20:00:00,8.17
5373,23,2023-12-10T21:00:00,8.52
5374,23,2023-12-10T22:00:00,8.71
5375,23,2023-12-10T23:00:00,8.69
5376,23,2023-12-11T00:00:00,8.5
5377,23,2023-12-11T01:00:00,8.47
5378,23,2023-12-11T02:00:00,8.4
5379,23,2023-12-11T03:00:00,8.28
5380,23,2023-12-11T04:00:00,8.24
5381,23,2023-12-11T05:00:00,8.13
5382,23,2023-12-11T06:00:00,7.92
5383,23,2023-12-11T07:00:00,7.89
5384,23,2023-12-11T08:00:00,7.96
5385,23,2023-12-11T09:00:00,7.95
5386,23,2023-12-11T10:00:00,8.04
5387,23,2023-12-11T11:00:00,8.04
5388,23,2023-12-11T12:00:00,7.99
5389,23,2023-12-11T13:00:00,8.07
5390,23,2023-12-11T14:00:00,7.66
5391,23,2023-12-11T15:00:00,7.83
5392,23,2023-12-11T16:00:00,7.82
5393,23,2023-12-11T17:00:00,7.64
5394,23,2023-12-11T18:00:00,7.52
5395,23,2023-12-11T19:00:00,7.28
5396,23,2023-12-11T20:00:00,7.04
5397,23,2023-12-11T21:00:00,6.72
5398,23,2023-12-11T22:00:00,6.56
5399,23,2023-12-11T23:00:00,6.53
5400,23,2023-12-12T00:00:00,6.56
5401,23,2023-12-12T01:00:00,6.23
5402,23,2023-12-12T02:00:00,5.66
5403,23,2023-12-12T03:00:00,5.95
5404,23,2023-12-12T04:00:00,6.38
5405,23,2023-12-12T05:00:00,6.55
5406,23,2023-12-12T06:00:00,6.42
5407,23,2023-12-12T07:00:00,6.54
5408,23,2023-12-12T08:00:00,6.83
5409,23,2023-12-12T09:00:00,7.25
5410,23,2023-12-12T10:00:00,7.7
5411,23,2023-12-12T11:00:00,8.18
5412,23,2023-12-12T12:00:00,8.72
5413,23,2023-12-12T13:00:00,9.15
5414,23,2023-12-12T14:00:00,9.4
5415,23,2023-12-12T15:00:00,9.44
5416,23,2023-12-12T16:00:00,9.19
5417,23,2023-12-12T17:00:00,8.81
5418,23,2023-12-12T18:00:00,8.39
5419,23,2023-12-12T19:00:00,8.14
5420,23,2023-12-12T20:00:00,8.19
5421,23,2023-12-12T21:00:00,7.94
5422,23,2023-12-12T22:00:00,6.6
5423,23,2023-12-12T23:00:00,6.45
5424,23,2023-12-13T00:00:00,6.74
5425,23,2023-12-13T01:00:00,6.79
5426,23,2023-12-13T02:00:00,6.94
5427,23,2023-12-13T03:00:00,6.85
5428,23,2023-12-13T04:00:00,6.75
5429,23,2023-12-13T05:00:00,6.58
5430,23,2023-12-13T06:00:00,6.32
5431,23,2023-12-13T07:00:00,6.19
5432,23,2023-12-13T08:00:00,6.03
5433,23,2023-12-13T09:00:00,6.13
5434,23,2023-12-13T10:00:00,6.45
5435,23,2023-12-13T11:00:00,6.72
5436,23,2023-12-13T12:00:00,6.98
5437,23,2023-12-13T13:00:00,6.98
5438,23,2023-12-13T14:00:00,6.61
5439,23,2023-12-13T15:00:00,6.43
5440,23,2023-12-13T16:00:00,6.15
5441,23,2023-12-13T17:00:00,5.88
5442,23,2023-12-13T18:00:00,5.72
5443,23,2023-12-13T19:00:00,5.65
5444,23,2023-12-13T20:00:00,5.69
5445,23,2023-12-13T21:00:00,5.64
5446,23,2023-12-13T22:00:00,5.41
5447,23,2023-12-13T23:00:00,5.54
5448,23,2023-12-14T00:00:00,5.57
5449,23,2023-12-14T01:00:00,5.7
5450,23,2023-12-14T02:00:00,5.79
5451,23,2023-12-14T03:00:00,5.64
5452,23,2023-12-14T04:00:00,5.32
5453,23,2023-12-14T05:00:00,5.06
5454,23,2023-12-14T06:00:00,4.73
5455,23,2023-12-14T07:00:00,4.37
5456,23,2023-12-14T08:00:00,3.98
5457,23,2023-12-14T09:00:00,3.58
5458,23,2023-12-14T10:00:00,3.5
5459,23,2023-12-14T11:00:00,3.56
5460,23,2023-12-14T12:00:00,3.58
5461,23,2023-12-14T13:00:00,3.53
5462,23,2023-12-14T14:00:00,3.56
5463,23,2023-12-14T15:00:00,3.47
5464,23,2023-12-14T16:00:00,3.31
5465,23,2023-12-14T17:00:00,3.32
5466,23,2023-12-14T18:00:00,3.31
5467,23,2023-12-14T19:00:00,3.34
5468,23,2023-12-14T20:00:00,3.37
5469,23,2023-12-14T21:00:00,3.51
5470,23,2023-12-14T22:00:00,3.56
5471,23,2023-12-14T23:00:00,3.59
5472,23,2023-12-15T00:00:00,3.38
5473,23,2023-12-15T01:00:00,3.46
5474,23,2023-12-15T02:00:00,3.76
5475,23,2023-12-15T03:00:00,4.08
5476,23,2023-12-15T04:00:00,4.32
5477,23,2023-12-15T05:00:00,4.44
5478,23,2023-12-15T06:00:00,4.57
5479,23,2023-12-15T07:00:00,4.72
5480,23,2023-12-15T08:00:00,4.83
5481,23,2023-12-15T09:00:00,5.05
5482,23,2023-12-15T10:00:00,5.39
5483,23,2023-12-15T11:00:00,5.62
5484,23,2023-12-15T12:00:00,5.82
5485,23,2023-12-15T13:00:00,6.01
5486,23,2023-12-15T14:00:00,6.1
5487,23,2023-12-15T15:00:00,5.95
5488,23,2023-12-15T16:00:00,5.66
5489,23,2023-12-15T17:00:00,5.32
5490,23,2023-12-15T18:00:00,5.06
5491,23,2023-12-15T19:00:00,4.88
5492,23,2023-12-15T20:00:00,4.75
5493,23,2023-12-15T21:00:00,4.69
5494,23,2023-12-15T22:00:00,4.66
5495,23,2023-12-15T23:00:00,4.49
5496,23,2023-12-16T00:00:00,4.43
5497,23,2023-12-16T01:00:00,4.28
5498,23,2023-12-16T02:00:00,4.14
5499,23,2023-12-16T03:00:00,4.3
5500,23,2023-12-16T04:00:00,4.26
5501,23,2023-12-16T05:00:00,4.18
5502,23,2023-12-16T06:00:00,4.16
5503,23,2023-12-16T07:00:00,3.76
5504,23,2023-12-16T08:00:00,3.57
5505,23,2023-12-16T09:00:00,4.07
5506,23,2023-12-16T10:00:00,5.06
5507,23,2023-12-16T11:00:00,5.75
5508,23,2023-12-16T12:00:00,6.22
5509,23,2023-12-16T13:00:00,6.25
5510,23,2023-12-16T14:00:00,6.3
5511,23,2023-12-16T15:00:00,6.21
5512,23,2023-12-16T16:00:00,5.99
5513,23,2023-12-16T17:00:00,5.63
5514,23,2023-12-16T18:00:00,5.22
5515,23,2023-12-16T19:00:00,5.2
5516,23,2023-12-16T20:00:00,5.15
5517,23,2023-12-16T21:00:00,5.01
5518,23,2023-12-16T22:00:00,4.86
5519,23,2023-12-16T23:00:00,4.75
5520,23,2023-12-17T00:00:00,4.71
5521,23,2023-12-17T01:00:00,4.67
5522,23,2023-12-17T02:00:00,4.51
5523,23,2023-12-17T03:00:00,4.23
5524,23,2023-12-17T04:00:00,4.02
5525,23,2023-12-17T05:00:00,3.63
5526,23,2023-12-17T06:00:00,3.23
5527,23,2023-12-17T07:00:00,3.12
5528,23,2023-12-17T08:00:00,2.64
5529,23,2023-12-17T09:00:00,2.94
5530,23,2023-12-17T10:00:00,4.32
5531,23,2023-12-17T11:00:00,6.54
5532,23,2023-12-17T12:00:00,7.45
5533,23,2023-12-17T13:00:00,8.68
5534,23,2023-12-17T14:00:00,9.05
5535,23,2023-12-17T15:00:00,8.35
5536,23,2023-12-17T16:00:00,6.58
5537,23,2023-12-17T17:00:00,5.17
5538,23,2023-12-17T18:00:00,4.46
5539,23,2023-12-17T19:00:00,4.3
5540,23,2023-12-17T20:00:00,4.06
5541,23,2023-12-17T21:00:00,3.48
5542,23,2023-12-17T22:00:00,2.91
5543,23,2023-12-17T23:00:00,1.87
5544,23,2023-12-18T00:00:00,1.73
5545,23,2023-12-18T01:00:00,1.32
5546,23,2023-12-18T02:00:00,0.91
5547,23,2023-12-18T03:00:00,0.61
5548,23,2023-12-18T04:00:00,0.86
5549,23,2023-12-18T05:00:00,1.31
5550,23,2023-12-18T06:00:00,1.61
5551,23,2023-12-18T07:00:00,1.88
5552,23,2023-12-18T08:00:00,1.65
5553,23,2023-12-18T09:00:00,2.17
5554,23,2023-12-18T10:00:00,2.86
5555,23,2023-12-18T11:00:00,3.4
5556,23,2023-12-18T12:00:00,4.08
5557,23,2023-12-18T13:00:00,4.6
5558,23,2023-12-18T14:00:00,4.69
5559,23,2023-12-18T15:00:00,3.8
5560,23,2023-12-18T16:00:00,1.78
5561,23,2023-12-18T17:00:00,0.77
5562,23,2023-12-18T18:00:00,0.34
5563,23,2023-12-18T19:00:00,0.02
5564,23,2023-12-18T20:00:00,-0.02
5565,23,2023-12-18T21:00:00,0.04
5566,23,2023-12-18T22:00:00,0.5
5567,23,2023-12-18T23:00:00,0.65
5568,23,2023-12-19T00:00:00,0.68
5569,23,2023-12-19T01:00:00,1.05
5570,23,2023-12-19T02:00:00,1.33
5571,23,2023-12-19T03:00:00,1.54
5572,23,2023-12-19T04:00:00,1.71
5573,23,2023-12-19T05:00:00,1.81
5574,23,2023-12-19T06:00:00,2.03
5575,23,2023-12-19T07:00:00,2.25
5576,23,2023-12-19T08:00:00,2.47
5577,23,2023-12-19T09:00:00,2.72
5578,23,2023-12-19T10:00:00,3.02
5579,23,2023-12-19T11:00:00,3.11
5580,23,2023-12-19T12:00:00,3.34
5581,23,2023-12-19T13:00:00,3.75
5582,23,2023-12-19T14:00:00,3.99
5583,23,2023-12-19T15:00:00,4.3
5584,23,2023-12-19T16:00:00,4.47
5585,23,2023-12-19T17:00:00,4.77
5586,23,2023-12-19T18:00:00,4.89
5587,23,2023-12-19T19:00:00,4.98
5588,23,2023-12-19T20:00:00,5.31
5589,23,2023-12-19T21:00:00,5.35
5590,23,2023-12-19T22:00:00,5.33
5591,23,2023-12-19T23:00:00,5.44
5592,23,2023-12-20T00:00:00,5.36
5593,23,2023-12-20T01:00:00,5.03
5594,23,2023-12-20T02:00:00,3.77
5595,23,2023-12-20T03:00:00,3.52
5596,23,2023-12-20T04:00:00,3.42
5597,23,2023-12-20T05:00:00,3.51
5598,23,2023-12-20T06:00:00,3.41
5599,23,2023-12-20T07:00:00,3.17
5600,23,2023-12-20T08:00:00,3.09
5601,23,2023-12-20T09:00:00,3.06
5602,23,2023-12-20T10:00:00,3.35
5603,23,2023-12-20T11:00:00,3.81
5604,23,2023-12-20T12:00:00,4.17
5605,23,2023-12-20T13:00:00,4.41
5606,23,2023-12-20T14:00:00,4.7
5607,23,2023-12-20T15:00:00,4.89
5608,23,2023-12-20T16:00:00,5.19
5609,23,2023-12-20T17:00:00,5.44
5610,23,2023-12-20T18:00:00,5.62
5611,23,2023-12-20T19:00:00,5.8
5612,23,2023-12-20T20:00:00,6.01
5613,23,2023-12-20T21:00:00,6.09
5614,23,2023-12-20T22:00:00,6.23
5615,23,2023-12-20T23:00:00,6.3
5616,23,2023-12-21T00:00:00,6.45
5617,23,2023-12-21T01:00:00,6.57
5618,23,2023-12-21T02:00:00,6.67
5619,23,2023-12-21T03:00:00,6.76
5620,23,2023-12-21T04:00:00,6.84
5621,23,2023-12-21T05:00:00,7.0
5622,23,2023-12-21T06:00:00,7.15
5623,23,2023-12-21T07:00:00,7.38
5624,23,2023-12-21T08:00:00,7.65
5625,23,2023-12-21T09:00:00,7.73
5626,23,2023-12-21T10:00:00,7.73
5627,23,2023-12-21T11:00:00,8.18
5628,23,2023-12-21T12:00:00,8.78
5629,23,2023-12-21T13:00:00,9.04
5630,23,2023-12-21T14:00:00,9.21
5631,23,2023-12-21T15:00:00,9.07
5632,23,2023-12-21T16:00:00,8.79
5633,23,2023-12-21T17:00:00,8.5
5634,23,2023-12-21T18:00:00,8.35
5635,23,2023-12-21T19:00:00,8.02
5636,23,2023-12-21T20:00:00,7.33
5637,23,2023-12-21T21:00:00,7.36
5638,23,2023-12-21T22:00:00,6.86
5639,23,2023-12-21T23:00:00,6.68
5640,23,2023-12-22T00:00:00,6.46
5641,23,2023-12-22T01:00:00,6.05
5642,23,2023-12-22T02:00:00,5.95
5643,23,2023-12-22T03:00:00,6.01
5644,23,2023-12-22T04:00:00,5.64
5645,23,2023-12-22T05:00:00,5.67
5646,23,2023-12-22T06:00:00,5.63
5647,23,2023-12-22T07:00:00,5.71
5648,23,2023-12-22T08:00:00,5.82
5649,23,2023-12-22T09:00:00,6.07
5650,23,2023-12-22T10:00:00,6.35
5651,23,2023-12-22T11:00:00,7.13
5652,23,2023-12-22T12:00:00,7.45
5653,23,2023-12-22T13:00:00,7.56
5654,23,2023-12-22T14:00:00,7.56
5655,23,2023-12-22T15:00:00,7.52
5656,23,2023-12-22T16:00:00,7.4
5657,23,2023-12-22T17:00:00,7.45
5658,23,2023-12-22T18:00:00,7.52
5659,23,2023-12-22T19:00:00,7.54
5660,23,2023-12-22T20:00:00,7.57
5661,23,2023-12-22T21:00:00,7.58
5662,23,2023-12-22T22:00:00,7.5
5663,23,2023-12-22T23:00:00,7.29
5664,23,2023-12-23T00:00:00,7.12
5665,23,2023-12-23T01:00:00,6.95
5666,23,2023-12-23T02:00:00,6.77
5667,23,2023-12-23T03:00:00,6.75
5668,23,2023-12-23T04:00:00,6.83
5669,23,2023-12-23T05:00:00,6.83
5670,23,2023-12-23T06:00:00,6.73
5671,23,2023-12-23T07:00:00,6.38
5672,23,2023-12-23T08:00:00,6.67
5673,23,2023-12-23T09:00:00,7.06
5674,23,2023-12-23T10:00:00,7.33
5675,23,2023-12-23T11:00:00,7.52
5676,23,2023-12-23T12:00:00,7.62
5677,23,2023-12-23T13:00:00,7.68
5678,23,2023-12-23T14:00:00,7.82
5679,23,2023-12-23T15:00:00,7.58
5680,23,2023-12-23T16:00:00,7.47
5681,23,2023-12-23T17:00:00,7.37
5682,23,2023-12-23T18:00:00,7.36
5683,23,2023-12-23T19:00:00,7.22
5684,23,2023-12-23T20:00:00,7.01
5685,23,2023-12-23T21:00:00,6.88
5686,23,2023-12-23T22:00:00,7.03
5687,23,2023-12-23T23:00:00,7.12
5688,23,2023-12-24T00:00:00,7.23
5689,23,2023-12-24T01:00:00,7.28
5690,23,2023-12-24T02:00:00,7.21
5691,23,2023-12-24T03:00:00,7.25
5692,23,2023-12-24T04:00:00,7.3
5693,23,2023-12-24T05:00:00,7.24
5694,23,2023-12-24T06:00:00,7.43
5695,23,2023-12-24T07:00:00,7.56
5696,23,2023-12-24T08:00:00,7.51
5697,23,2023-12-24T09:00:00,7.53
5698,23,2023-12-24T10:00:00,7.78
5699,23,2023-12-24T11:00:00,8.09
5700,23,2023-12-24T12:00:00,8.25
5701,23,2023-12-24T13:00:00,8.41
5702,23,2023-12-24T14:00:00,8.58
5703,23,2023-12-24T15:00:00,8.94
5704,23,2023-12-24T16:00:00,9.07
5705,23,2023-12-24T17:00:00,9.26
5706,23,2023-12-24T18:00:00,9.33
5707,23,2023-12-24T19:00:00,9.24
5708,23,2023-12-24T20:00:00,9.05
5709,23,2023-12-24T21:00:00,8.82
5710,23,2023-12-24T22:00:00,8.69
5711,23,2023-12-24T23:00:00,8.76
5712,23,2023-12-25T00:00:00,8.8
5713,23,2023-12-25T01:00:00,8.77
5714,23,2023-12-25T02:00:00,8.8
5715,23,2023-12-25T03:00:00,8.81
5716,23,2023-12-25T04:00:00,8.9
5717,23,2023-12-25T05:00:00,8.77
5718,23,2023-12-25T06:00:00,8.74
5719,23,2023-12-25T07:00:00,8.77
5720,23,2023-12-25T08:00:00,8.84
5721,23,2023-12-25T09:00:00,8.95
5722,23,2023-12-25T10:00:00,9.07
5723,23,2023-12-25T11:00:00,9.3
5724,23,2023-12-25T12:00:00,9.45
5725,23,2023-12-25T13:00:00,9.41
5726,23,2023-12-25T14:00:00,9.54
5727,23,2023-12-25T15:00:00,9.53
5728,23,2023-12-25T16:00:00,9.35
5729,23,2023-12-25T17:00:00,9.2
5730,23,2023-12-25T18:00:00,9.1
5731,23,2023-12-25T19:00:00,9.12
5732,23,2023-12-25T20:00:00,9.13
5733,23,2023-12-25T21:00:00,9.1
5734,23,2023-12-25T22:00:00,9.06
5735,23,2023-12-25T23:00:00,8.83
5736,23,2023-12-26T00:00:00,8.46
5737,23,2023-12-26T01:00:00,8.0
5738,23,2023-12-26T02:00:00,7.55
5739,23,2023-12-26T03:00:00,7.46
5740,23,2023-12-26T04:00:00,7.46
5741,23,2023-12-26T05:00:00,7.42
5742,23,2023-12-26T06:00:00,7.5
5743,23,2023-12-26T07:00:00,7.47
5744,23,2023-12-26T08:00:00,7.34
5745,23,2023-12-26T09:00:00,7.38
5746,23,2023-12-26T10:00:00,7.32
5747,23,2023-12-26T11:00:00,7.45
5748,23,2023-12-26T12:00:00,7.6
5749,23,2023-12-26T13:00:00,7.34
5750,23,2023-12-26T14:00:00,6.94
5751,23,2023-12-26T15:00:00,6.76
5752,23,2023-12-26T16:00:00,6.14
5753,23,2023-12-26T17:00:00,5.39
5754,23,2023-12-26T18:00:00,4.73
5755,23,2023-12-26T19:00:00,4.46
5756,23,2023-12-26T20:00:00,4.03
5757,23,2023-12-26T21:00:00,3.11
5758,23,2023-12-26T22:00:00,2.28
5759,23,2023-12-26T23:00:00,2.26
5760,23,2023-12-27T00:00:00,2.77
5761,23,2023-12-27T01:00:00,2.8
5762,23,2023-12-27T02:00:00,3.5
5763,23,2023-12-27T03:00:00,4.38
5764,23,2023-12-27T04:00:00,5.1
5765,23,2023-12-27T05:00:00,5.66
5766,23,2023-12-27T06:00:00,6.0
5767,23,2023-12-27T07:00:00,6.44
5768,23,2023-12-27T08:00:00,6.71
5769,23,2023-12-27T09:00:00,6.49
5770,23,2023-12-27T10:00:00,6.5
5771,23,2023-12-27T11:00:00,6.59
5772,23,2023-12-27T12:00:00,6.68
5773,23,2023-12-27T13:00:00,6.72
5774,23,2023-12-27T14:00:00,6.59
5775,23,2023-12-27T15:00:00,6.44
5776,23,2023-12-27T16:00:00,6.3
5777,23,2023-12-27T17:00:00,6.18
5778,23,2023-12-27T18:00:00,6.02
5779,23,2023-12-27T19:00:00,6.22
5780,23,2023-12-27T20:00:00,6.64
5781,23,2023-12-27T21:00:00,6.85
5782,23,2023-12-27T22:00:00,7.16
5783,23,2023-12-27T23:00:00,7.16
5784,23,2023-12-28T00:00:00,6.73
5785,23,2023-12-28T01:00:00,6.62
5786,23,2023-12-28T02:00:00,7.06
5787,23,2023-12-28T03:00:00,7.35
5788,23,2023-12-28T04:00:00,7.44
5789,23,2023-12-28T05:00:00,7.4
5790,23,2023-12-28T06:00:00,7.4
5791,23,2023-12-28T07:00:00,7.31
5792,23,2023-12-28T08:00:00,7.3
5793,23,2023-12-28T09:00:00,7.46
5794,23,2023-12-28T10:00:00,7.88
5795,23,2023-12-28T11:00:00,8.2
5796,23,2023-12-28T12:00:00,8.51
5797,23,2023-12-28T13:00:00,8.66
5798,23,2023-12-28T14:00:00,8.59
5799,23,2023-12-28T15:00:00,8.44
5800,23,2023-12-28T16:00:00,8.0
5801,23,2023-12-28T17:00:00,7.64
5802,23,2023-12-28T18:00:00,7.31
5803,23,2023-12-28T19:00:00,7.27
5804,23,2023-12-28T20:00:00,7.29
5805,23,2023-12-28T21:00:00,7.53
5806,23,2023-12-28T22:00:00,7.72
5807,23,2023-12-28T23:00:00,7.8
5808,23,2023-12-29T00:00:00,7.73
5809,23,2023-12-29T01:00:00,7.65
5810,23,2023-12-29T02:00:00,7.57
5811,23,2023-12-29T03:00:00,7.59
5812,23,2023-12-29T04:00:00,7.51
5813,23,2023-12-29T05:00:00,7.41
5814,23,2023-12-29T06:00:00,7.37
5815,23,2023-12-29T07:00:00,7.53
5816,23,2023-12-29T08:00:00,7.27
5817,23,2023-12-29T09:00:00,7.39
5818,23,2023-12-29T10:00:00,7.67
5819,23,2023-12-29T11:00:00,7.88
5820,23,2023-12-29T12:00:00,7.95
5821,23,2023-12-29T13:00:00,8.02
5822,23,2023-12-29T14:00:00,7.87
5823,23,2023-12-29T15:00:00,7.95
5824,23,2023-12-29T16:00:00,7.83
5825,23,2023-12-29T17:00:00,7.79
5826,23,2023-12-29T18:00:00,7.76
5827,23,2023-12-29T19:00:00,7.83
5828,23,2023-12-29T20:00:00,7.8
5829,23,2023-12-29T21:00:00,7.43
5830,23,2023-12-29T22:00:00,7.16
5831,23,2023-12-29T23:00:00,6.99
5832,23,2023-12-30T00:00:00,6.83
5833,23,2023-12-30T01:00:00,6.76
5834,23,2023-12-30T02:00:00,6.52
5835,23,2023-12-30T03:00:00,6.4
5836,23,2023-12-30T04:00:00,6.29
5837,23,2023-12-30T05:00:00,6.0
5838,23,2023-12-30T06:00:00,5.97
5839,23,2023-12-30T07:00:00,5.79
5840,23,2023-12-30T08:00:00,5.55
5841,23,2023-12-30T09:00:00,5.58
5842,23,2023-12-30T10:00:00,6.2
5843,23,2023-12-30T11:00:00,6.65
5844,23,2023-12-30T12:00:00,7.17
5845,23,2023-12-30T13:00:00,7.6
5846,23,2023-12-30T14:00:00,7.59
5847,23,2023-12-30T15:00:00,7.34
5848,23,2023-12-30T16:00:00,7.07
5849,23,2023-12-30T17:00:00,6.86
5850,23,2023-12-30T18:00:00,6.82
5851,23,2023-12-30T19:00:00,6.83
5852,23,2023-12-30T20:00:00,7.07
5853,23,2023-12-30T21:00:00,7.45
5854,23,2023-12-30T22:00:00,7.55
5855,23,2023-12-30T23:00:00,7.56
5856,23,2023-12-31T00:00:00,7.22
5857,23,2023-12-31T01:00:00,6.83
5858,23,2023-12-31T02:00:00,6.57
5859,23,2023-12-31T03:00:00,6.73
5860,23,2023-12-31T04:00:00,6.82
5861,23,2023-12-31T05:00:00,7.06
5862,23,2023-12-31T06:00:00,7.35
5863,23,2023-12-31T07:00:00,7.59
5864,23,2023-12-31T08:00:00,7.47
5865,23,2023-12-31T09:00:00,7.0
5866,23,2023-12-31T10:00:00,6.38
5867,23,2023-12-31T11:00:00,6.19
5868,23,2023-12-31T12:00:00,6.38
5869,23,2023-12-31T13:00:00,6.06
5870,23,2023-12-31T14:00:00,6.56
5871,23,2023-12-31T15:00:00,6.75
5872,23,2023-12-31T16:00:00,6.6
5873,23,2023-12-31T17:00:00,6.57
5874,23,2023-12-31T18:00:00,6.54
5875,23,2023-12-31T19:00:00,6.29
5876,23,2023-12-31T20:00:00,5.88
5877,23,2023-12-31T21:00:00,5.66
5878,23,2023-12-31T22:00:00,5.77
5879,23,2023-12-31T23:00:00,5.77
5880,23,2024-01-01T00:00:00,5.71
5881,23,2024-01-01T01:00:00,5.56
5882,23,2024-01-01T02:00:00,5.15
5883,23,2024-01-01T03:00:00,5.22
5884,23,2024-01-01T04:00:00,5.28
5885,23,2024-01-01T05:00:00,5.22
5886,23,2024-01-01T06:00:00,4.92
5887,23,2024-01-01T07:00:00,4.46
5888,23,2024-01-01T08:00:00,4.09
5889,23,2024-01-01T09:00:00,4.13
5890,23,2024-01-01T10:00:00,4.25
5891,23,2024-01-01T11:00:00,4.6
5892,23,2024-01-01T12:00:00,5.02
5893,23,2024-01-01T13:00:00,5.34
5894,23,2024-01-01T14:00:00,5.36
5895,23,2024-01-01T15:00:00,5.4
5896,23,2024-01-01T16:00:00,5.26
5897,23,2024-01-01T17:00:00,5.17
5898,23,2024-01-01T18:00:00,5.15
5899,23,2024-01-01T19:00:00,4.87
5900,23,2024-01-01T20:00:00,4.98
5901,23,2024-01-01T21:00:00,5.28
5902,23,2024-01-01T22:00:00,5.69
5903,23,2024-01-01T23:00:00,5.82
5904,23,2024-01-02T00:00:00,5.77
5905,23,2024-01-02T01:00:00,5.6
5906,23,2024-01-02T02:00:00,5.59
5907,23,2024-01-02T03:00:00,6.17
5908,23,2024-01-02T04:00:00,6.8
5909,23,2024-01-02T05:00:00,7.46
5910,23,2024-01-02T06:00:00,8.26
5911,23,2024-01-02T07:00:00,8.6
5912,23,2024-01-02T08:00:00,8.76
5913,23,2024-01-02T09:00:00,8.86
5914,23,2024-01-02T10:00:00,8.59
5915,23,2024-01-02T11:00:00,8.04
5916,23,2024-01-02T12:00:00,7.78
5917,23,2024-01-02T13:00:00,7.82
5918,23,2024-01-02T14:00:00,8.15
5919,23,2024-01-02T15:00:00,8.31
5920,23,2024-01-02T16:00:00,8.41
5921,23,2024-01-02T17:00:00,8.54
5922,23,2024-01-02T18:00:00,8.88
5923,23,2024-01-02T19:00:00,9.35
5924,23,2024-01-02T20:00:00,9.42
5925,23,2024-01-02T21:00:00,9.28
5926,23,2024-01-02T22:00:00,8.9
5927,23,2024-01-02T23:00:00,8.5
5928,23,2024-01-03T00:00:00,8.03
5929,23,2024-01-03T01:00:00,8.0
5930,23,2024-01-03T02:00:00,8.02
5931,23,2024-01-03T03:00:00,7.79
5932,23,2024-01-03T04:00:00,7.71
5933,23,2024-01-03T05:00:00,7.47
5934,23,2024-01-03T06:00:00,7.56
5935,23,2024-01-03T07:00:00,7.78
5936,23,2024-01-03T08:00:00,7.42
5937,23,2024-01-03T09:00:00,7.35
5938,23,2024-01-03T10:00:00,7.55
5939,23,2024-01-03T11:00:00,7.78
5940,23,2024-01-03T12:00:00,8.3
5941,23,2024-01-03T13:00:00,8.43
5942,23,2024-01-03T14:00:00,8.19
5943,23,2024-01-03T15:00:00,8.1
5944,23,2024-01-03T16:00:00,7.53
5945,23,2024-01-03T17:00:00,7.27
5946,23,2024-01-03T18:00:00,6.96
5947,23,2024-01-03T19:00:00,6.77
5948,23,2024-01-03T20:00:00,6.82
5949,23,2024-01-03T21:00:00,6.88
5950,23,2024-01-03T22:00:00,6.66
5951,23,2024-01-03T23:00:00,6.22
5952,23,2024-01-04T00:00:00,6.17
5953,23,2024-01-04T01:00:00,6.29
5954,23,2024-01-04T02:00:00,6.23
5955,23,2024-01-04T03:00:00,6.19
5956,23,2024-01-04T04:00:00,6.01
5957,23,2024-01-04T05:00:00,5.77
5958,23,2024-01-04T06:00:00,5.85
5959,23,2024-01-04T07:00:00,5.91
5960,23,2024-01-04T08:00:00,5.8
5961,23,2024-01-04T09:00:00,5.76
5962,23,2024-01-04T10:00:00,5.75
5963,23,2024-01-04T11:00:00,5.9
5964,23,2024-01-04T12:00:00,6.05
5965,23,2024-01-04T13:00:00,6.33
5966,23,2024-01-04T14:00:00,6.53
5967,23,2024-01-04T15:00:00,6.32
5968,23,2024-01-04T16:00:00,5.97
5969,23,2024-01-04T17:00:00,5.75
5970,23,2024-01-04T18:00:00,5.78
5971,23,2024-01-04T19:00:00,6.06
5972,23,2024-01-04T20:00:00,6.4
5973,23,2024-01-04T21:00:00,6.72
5974,23,2024-01-04T22:00:00,6.91
5975,23,2024-01-04T23:00:00,7.0
5976,23,2024-01-05T00:00:00,7.03
5977,23,2024-01-05T01:00:00,6.9
5978,23,2024-01-05T02:00:00,6.53
5979,23,2024-01-05T03:00:00,6.42
5980,23,2024-01-05T04:00:00,6.33
5981,23,2024-01-05T05:00:00,6.4
5982,23,2024-01-05T06:00:00,6.22
5983,23,2024-01-05T07:00:00,5.98
5984,23,2024-01-05T08:00:00,5.3
5985,23,2024-01-05T09:00:00,4.88
5986,23,2024-01-05T10:00:00,4.93
5987,23,2024-01-05T11:00:00,5.06
5988,23,2024-01-05T12:00:00,5.02
5989,23,2024-01-05T13:00:00,4.73
5990,23,2024-01-05T14:00:00,4.77
5991,23,2024-01-05T15:00:00,4.76
5992,23,2024-01-05T16:00:00,4.69
5993,23,2024-01-05T17:00:00,4.59
5994,23,2024-01-05T18:00:00,4.34
5995,23,2024-01-05T19:00:00,4.21
5996,23,2024-01-05T20:00:00,4.05
5997,23,2024-01-05T21:00:00,3.9
5998,23,2024-01-05T22:00:00,3.79
5999,23,2024-01-05T23:00:00,3.81
6000,23,2024-01-06T00:00:00,4.0
6001,23,2024-01-06T01:00:00,4.17
6002,23,2024-01-06T02:00:00,4.28
6003,23,2024-01-06T03:00:00,4.27
6004,23,2024-01-06T04:00:00,3.98
6005,23,2024-01-06T05:00:00,3.79
6006,23,2024-01-06T06:00:00,3.54
6007,23,2024-01-06T07:00:00,3.15
6008,23,2024-01-06T08:00:00,2.71
6009,23,2024-01-06T09:00:00,2.48
6010,23,2024-01-06T10:00:00,2.24
6011,23,2024-01-06T11:00:00,2.17
6012,23,2024-01-06T12:00:00,2.07
6013,23,2024-01-06T13:00:00,1.94
6014,23,2024-01-06T14:00:00,1.69
6015,23,2024-01-06T15:00:00,1.62
6016,23,2024-01-06T16:00:00,1.48
6017,23,2024-01-06T17:00:00,1.3
6018,23,2024-01-06T18:00:00,1.14
6019,23,2024-01-06T19:00:00,0.88
6020,23,2024-01-06T20:00:00,0.83
6021,23,2024-01-06T21:00:00,0.76
6022,23,2024-01-06T22:00:00,0.6
6023,23,2024-01-06T23:00:00,0.43
6024,23,2024-01-07T00:00:00,0.19
6025,23,2024-01-07T01:00:00,-0.01
6026,23,2024-01-07T02:00:00,-0.18
6027,23,2024-01-07T03:00:00,-0.32
6028,23,2024-01-07T04:00:00,-0.4
6029,23,2024-01-07T05:00:00,-0.45
6030,23,2024-01-07T06:00:00,-0.5
6031,23,2024-01-07T07:00:00,-0.55
6032,23,2024-01-07T08:00:00,-0.61
6033,23,2024-01-07T09:00:00,-0.77
6034,23,2024-01-07T10:00:00,-0.86
6035,23,2024-01-07T11:00:00,-0.99
6036,23,2024-01-07T12:00:00,-1.12
6037,23,2024-01-07T13:00:00,-1.27
6038,23,2024-01-07T14:00:00,-1.43
6039,23,2024-01-07T15:00:00,-1.68
6040,23,2024-01-07T16:00:00,-2.09
6041,23,2024-01-07T17:00:00,-2.66
6042,23,2024-01-07T18:00:00,-3.15
6043,23,2024-01-07T19:00:00,-3.41
6044,23,2024-01-07T20:00:00,-3.5
6045,23,2024-01-07T21:00:00,-3.75
6046,23,2024-01-07T22:00:00,-3.83
6047,23,2024-01-07T23:00:00,-3.93
6048,23,2024-01-08T00:00:00,-4.22
6049,23,2024-01-08T01:00:00,-4.4
6050,23,2024-01-08T02:00:00,-4.4
6051,23,2024-01-08T03:00:00,-4.45
6052,23,2024-01-08T04:00:00,-4.59
6053,23,2024-01-08T05:00:00,-4.72
6054,23,2024-01-08T06:00:00,-4.84
6055,23,2024-01-08T07:00:00,-4.95
6056,23,2024-01-08T08:00:00,-4.96
6057,23,2024-01-08T09:00:00,-4.91
6058,23,2024-01-08T10:00:00,-4.83
6059,23,2024-01-08T11:00:00,-4.54
6060,23,2024-01-08T12:00:00,-4.28
6061,23,2024-01-08T13:00:00,-4.14
6062,23,2024-01-08T14:00:00,-4.01
6063,23,2024-01-08T15:00:00,-4.37
6064,23,2024-01-08T16:00:00,-4.99
6065,23,2024-01-08T17:00:00,-5.39
6066,23,2024-01-08T18:00:00,-5.54
6067,23,2024-01-08T19:00:00,-5.71
6068,23,2024-01-08T20:00:00,-6.14
6069,23,2024-01-08T21:00:00,-6.52
6070,23,2024-01-08T22:00:00,-6.86
6071,23,2024-01-08T23:00:00,-7.16
6072,23,2024-01-09T00:00:00,-7.35
6073,23,2024-01-09T01:00:00,-7.51
6074,23,2024-01-09T02:00:00,-7.68
6075,23,2024-01-09T03:00:00,-7.79
6076,23,2024-01-09T04:00:00,-7.9
6077,23,2024-01-09T05:00:00,-8.0
6078,23,2024-01-09T06:00:00,-8.2
6079,23,2024-01-09T07:00:00,-8.34
6080,23,2024-01-09T08:00:00,-8.25
6081,23,2024-01-09T09:00:00,-7.7
6082,23,2024-01-09T10:00:00,-6.51
6083,23,2024-01-09T11:00:00,-5.12
6084,23,2024-01-09T12:00:00,-3.88
6085,23,2024-01-09T13:00:00,-3.1
6086,23,2024-01-09T14:00:00,-2.84
6087,23,2024-01-09T15:00:00,-2.9
6088,23,2024-01-09T16:00:00,-3.78
6089,23,2024-01-09T17:00:00,-4.48
6090,23,2024-01-09T18:00:00,-4.63
6091,23,2024-01-09T19:00:00,-4.88
6092,23,2024-01-09T20:00:00,-5.04
6093,23,2024-01-09T21:00:00,-5.37
6094,23,2024-01-09T22:00:00,-5.53
6095,23,2024-01-09T23:00:00,-5.59
6096,23,2024-01-10T00:00:00,-5.85
6097,23,2024-01-10T01:00:00,-6.0
6098,23,2024-01-10T02:00:00,-6.18
6099,23,2024-01-10T03:00:00,-6.91
6100,23,2024-01-10T04:00:00,-7.31
6101,23,2024-01-10T05:00:00,-7.29
6102,23,2024-01-10T06:00:00,-7.34
6103,23,2024-01-10T07:00:00,-7.04
6104,23,2024-01-10T08:00:00,-6.93
6105,23,2024-01-10T09:00:00,-6.59
6106,23,2024-01-10T10:00:00,-5.49
6107,23,2024-01-10T11:00:00,-4.43
6108,23,2024-01-10T12:00:00,-3.2
6109,23,2024-01-10T13:00:00,-2.05
6110,23,2024-01-10T14:00:00,-1.37
6111,23,2024-01-10T15:00:00,-1.34
6112,23,2024-01-10T16:00:00,-2.24
6113,23,2024-01-10T17:00:00,-3.08
6114,23,2024-01-10T18:00:00,-3.78
6115,23,2024-01-10T19:00:00,-3.67
6116,23,2024-01-10T20:00:00,-3.81
6117,23,2024-01-10T21:00:00,-3.72
6118,23,2024-01-10T22:00:00,-4.16
6119,23,2024-01-10T23:00:00,-4.39
6120,23,2024-01-11T00:00:00,-4.48
6121,23,2024-01-11T01:00:00,-4.72
6122,23,2024-01-11T02:00:00,-4.47
6123,23,2024-01-11T03:00:00,-4.81
6124,23,2024-01-11T04:00:00,-5.25
6125,23,2024-01-11T05:00:00,-5.8
6126,23,2024-01-11T06:00:00,-6.25
6127,23,2024-01-11T07:00:00,-6.38
6128,23,2024-01-11T08:00:00,-6.0
6129,23,2024-01-11T09:00:00,-4.94
6130,23,2024-01-11T10:00:00,-3.18
6131,23,2024-01-11T11:00:00,-1.59
6132,23,2024-01-11T12:00:00,0.11
6133,23,2024-01-11T13:00:00,0.97
6134,23,2024-01-11T14:00:00,1.19
6135,23,2024-01-11T15:00:00,0.9
6136,23,2024-01-11T16:00:00,-0.73
6137,23,2024-01-11T17:00:00,-2.3
6138,23,2024-01-11T18:00:00,-3.13
6139,23,2024-01-11T19:00:00,-3.52
6140,23,2024-01-11T20:00:00,-3.96
6141,23,2024-01-11T21:00:00,-3.55
6142,23,2024-01-11T22:00:00,-2.66
6143,23,2024-01-11T23:00:00,-2.3
6144,23,2024-01-12T00:00:00,-2.16
6145,23,2024-01-12T01:00:00,-2.2
6146,23,2024-01-12T02:00:00,-2.25
6147,23,2024-01-12T03:00:00,-2.27
6148,23,2024-01-12T04:00:00,-2.37
6149,23,2024-01-12T05:00:00,-2.37
6150,23,2024-01-12T06:00:00,-2.45
6151,23,2024-01-12T07:00:00,-2.48
6152,23,2024-01-12T08:00:00,-2.47
6153,23,2024-01-12T09:00:00,-2.41
6154,23,2024-01-12T10:00:00,-2.16
6155,23,2024-01-12T11:00:00,-1.64
6156,23,2024-01-12T12:00:00,-1.36
6157,23,2024-01-12T13:00:00,-1.28
6158,23,2024-01-12T14:00:00,-1.35
6159,23,2024-01-12T15:00:00,-1.08
6160,23,2024-01-12T16:00:00,-0.86
6161,23,2024-01-12T17:00:00,-0.93
6162,23,2024-01-12T18:00:00,-1.12
6163,23,2024-01-12T19:00:00,-1.13
6164,23,2024-01-12T20:00:00,-1.06
6165,23,2024-01-12T21:00:00,-1.07
6166,23,2024-01-12T22:00:00,-1.02
6167,23,2024-01-12T23:00:00,-0.96
6168,23,2024-01-13T00:00:00,-0.95
6169,23,2024-01-13T01:00:00,-1.05
6170,23,2024-01-13T02:00:00,-1.07
6171,23,2024-01-13T03:00:00,-1.06
6172,23,2024-01-13T04:00:00,-0.99
6173,23,2024-01-13T05:00:00,-0.9
6174,23,2024-01-13T06:00:00,-0.91
6175,23,2024-01-13T07:00:00,-0.89
6176,23,2024-01-13T08:00:00,-0.83
6177,23,2024-01-13T09:00:00,-0.74
6178,23,2024-01-13T10:00:00,-0.71
6179,23,2024-01-13T11:00:00,-0.66
6180,23,2024-01-13T12:00:00,-0.59
6181,23,2024-01-13T13:00:00,-0.69
6182,23,2024-01-13T14:00:00,-0.83
6183,23,2024-01-13T15:00:00,-1.02
6184,23,2024-01-13T16:00:00,-1.28
6185,23,2024-01-13T17:00:00,-1.47
6186,23,2024-01-13T18:00:00,-1.56
6187,23,2024-01-13T19:00:00,-1.65
6188,23,2024-01-13T20:00:00,-1.75
6189,23,2024-01-13T21:00:00,-1.71
6190,23,2024-01-13T22:00:00,-1.66
6191,23,2024-01-13T23:00:00,-1.61
6192,23,2024-01-14T00:00:00,-1.61
6193,23,2024-01-14T01:00:00,-1.68
6194,23,2024-01-14T02:00:00,-1.61
6195,23,2024-01-14T03:00:00,-1.72
6196,23,2024-01-14T04:00:00,-1.85
6197,23,2024-01-14T05:00:00,-1.96
6198,23,2024-01-14T06:00:00,-2.12
6199,23,2024-01-14T07:00:00,-2.29
6200,23,2024-01-14T08:00:00,-2.38
6201,23,2024-01-14T09:00:00,-2.37
6202,23,2024-01-14T10:00:00,-2.36
6203,23,2024-01-14T11:00:00,-2.45
6204,23,2024-01-14T12:00:00,-2.47
6205,23,2024-01-14T13:00:00,-2.45
6206,23,2024-01-14T14:00:00,-2.43
6207,23,2024-01-14T15:00:00,-2.59
6208,23,2024-01-14T16:00:00,-2.71
6209,23,2024-01-14T17:00:00,-2.83
6210,23,2024-01-14T18:00:00,-2.92
6211,23,2024-01-14T19:00:00,-2.93
6212,23,2024-01-14T20:00:00,-2.83
6213,23,2024-01-14T21:00:00,-2.68
6214,23,2024-01-14T22:00:00,-2.65
6215,23,2024-01-14T23:00:00,-2.44
6216,23,2024-01-15T00:00:00,-2.29
6217,23,2024-01-15T01:00:00,-2.12
6218,23,2024-01-15T02:00:00,-1.98
6219,23,2024-01-15T03:00:00,-1.73
6220,23,2024-01-15T04:00:00,-1.53
6221,23,2024-01-15T05:00:00,-1.47
6222,23,2024-01-15T06:00:00,-1.43
6223,23,2024-01-15T07:00:00,-1.55
6224,23,2024-01-15T08:00:00,-1.46
6225,23,2024-01-15T09:00:00,-1.33
6226,23,2024-01-15T10:00:00,-1.23
6227,23,2024-01-15T11:00:00,-0.82
6228,23,2024-01-15T12:00:00,-0.49
6229,23,2024-01-15T13:00:00,-1.03
6230,23,2024-01-15T14:00:00,-0.94
6231,23,2024-01-15T15:00:00,-0.97
6232,23,2024-01-15T16:00:00,-0.97
6233,23,2024-01-15T17:00:00,-1.23
6234,23,2024-01-15T18:00:00,-1.4
6235,23,2024-01-15T19:00:00,-1.43
6236,23,2024-01-15T20:00:00,-1.47
6237,23,2024-01-15T21:00:00,-1.46
6238,23,2024-01-15T22:00:00,-1.68
6239,23,2024-01-15T23:00:00,-1.92
6240,23,2024-01-16T00:00:00,-2.07
6241,23,2024-01-16T01:00:00,-2.23
6242,23,2024-01-16T02:00:00,-2.22
6243,23,2024-01-16T03:00:00,-2.39
6244,23,2024-01-16T04:00:00,-2.89
6245,23,2024-01-16T05:00:00,-3.52
6246,23,2024-01-16T06:00:00,-4.36
6247,23,2024-01-16T07:00:00,-5.01
6248,23,2024-01-16T08:00:00,-4.57
6249,23,2024-01-16T09:00:00,-4.19
6250,23,2024-01-16T10:00:00,-3.35
6251,23,2024-01-16T11:00:00,-2.51
6252,23,2024-01-16T12:00:00,-2.01
6253,23,2024-01-16T13:00:00,-1.64
6254,23,2024-01-16T14:00:00,-1.33
6255,23,2024-01-16T15:00:00,-1.48
6256,23,2024-01-16T16:00:00,-2.55
6257,23,2024-01-16T17:00:00,-3.73
6258,23,2024-01-16T18:00:00,-4.91
6259,23,2024-01-16T19:00:00,-5.12
6260,23,2024-01-16T20:00:00,-5.1
6261,23,2024-01-16T21:00:00,-5.33
6262,23,2024-01-16T22:00:00,-5.67
6263,23,2024-01-16T23:00:00,-5.6
6264,23,2024-01-17T00:00:00,-5.63
6265,23,2024-01-17T01:00:00,-5.73
6266,23,2024-01-17T02:00:00,-5.82
6267,23,2024-01-17T03:00:00,-5.94
6268,23,2024-01-17T04:00:00,-5.75
6269,23,2024-01-17T05:00:00,-5.54
6270,23,2024-01-17T06:00:00,-4.99
6271,23,2024-01-17T07:00:00,-4.48
6272,23,2024-01-17T08:00:00,-3.78
6273,23,2024-01-17T09:00:00,-3.11
6274,23,2024-01-17T10:00:00,-2.13
6275,23,2024-01-17T11:00:00,-1.25
6276,23,2024-01-17T12:00:00,-0.87
6277,23,2024-01-17T13:00:00,-0.65
6278,23,2024-01-17T14:00:00,-0.73
6279,23,2024-01-17T15:00:00,-0.69
6280,23,2024-01-17T16:00:00,-0.64
6281,23,2024-01-17T17:00:00,-1.15
6282,23,2024-01-17T18:00:00,-1.77
6283,23,2024-01-17T19:00:00,-2.3
6284,23,2024-01-17T20:00:00,-2.73
6285,23,2024-01-17T21:00:00,-3.05
6286,23,2024-01-17T22:00:00,-3.28
6287,23,2024-01-17T23:00:00,-3.33
6288,23,2024-01-18T00:00:00,-3.42
6289,23,2024-01-18T01:00:00,-3.4
6290,23,2024-01-18T02:00:00,-3.61
6291,23,2024-01-18T03:00:00,-3.75
6292,23,2024-01-18T04:00:00,-3.87
6293,23,2024-01-18T05:00:00,-3.89
6294,23,2024-01-18T06:00:00,-3.86
6295,23,2024-01-18T07:00:00,-4.26
6296,23,2024-01-18T08:00:00,-5.08
6297,23,2024-01-18T09:00:00,-5.6
6298,23,2024-01-18T10:00:00,-5.18
6299,23,2024-01-18T11:00:00,-4.24
6300,23,2024-01-18T12:00:00,-3.41
6301,23,2024-01-18T13:00:00,-2.58
6302,23,2024-01-18T14:00:00,-2.14
6303,23,2024-01-18T15:00:00,-2.42
6304,23,2024-01-18T16:00:00,-3.27
6305,23,2024-01-18T17:00:00,-4.02
6306,23,2024-01-18T18:00:00,-3.57
6307,23,2024-01-18T19:00:00,-3.89
6308,23,2024-01-18T20:00:00,-3.95
6309,23,2024-01-18T21:00:00,-3.71
6310,23,2024-01-18T22:00:00,-3.1
6311,23,2024-01-18T23:00:00,-3.15
6312,23,2024-01-19T00:00:00,-3.48
6313,23,2024-01-19T01:00:00,-3.61
6314,23,2024-01-19T02:00:00,-3.53
6315,23,2024-01-19T03:00:00,-3.19
6316,23,2024-01-19T04:00:00,-3.19
6317,23,2024-01-19T05:00:00,-3.08
6318,23,2024-01-19T06:00:00,-2.86
6319,23,2024-01-19T07:00:00,-2.79
6320,23,2024-01-19T08:00:00,-2.94
6321,23,2024-01-19T09:00:00,-3.15
6322,23,2024-01-19T10:00:00,-3.16
6323,23,2024-01-19T11:00:00,-2.78
6324,23,2024-01-19T12:00:00,-2.29
6325,23,2024-01-19T13:00:00,-1.78
6326,23,2024-01-19T14:00:00,-1.62
6327,23,2024-01-19T15:00:00,-1.6
6328,23,2024-01-19T16:00:00,-2.04
6329,23,2024-01-19T17:00:00,-2.99
6330,23,2024-01-19T18:00:00,-2.96
6331,23,2024-01-19T19:00:00,-2.88
6332,23,2024-01-19T20:00:00,-3.54
6333,23,2024-01-19T21:00:00,-4.56
6334,23,2024-01-19T22:00:00,-5.12
6335,23,2024-01-19T23:00:00,-5.27
6336,23,2024-01-20T00:00:00,-5.49
6337,23,2024-01-20T01:00:00,-6.42
6338,23,2024-01-20T02:00:00,-6.63
6339,23,2024-01-20T03:00:00,-5.73
6340,23,2024-01-20T04:00:00,-5.66
6341,23,2024-01-20T05:00:00,-6.3
6342,23,2024-01-20T06:00:00,-7.15
6343,23,2024-01-20T07:00:00,-7.24
6344,23,2024-01-20T08:00:00,-7.31
6345,23,2024-01-20T09:00:00,-5.88
6346,23,2024-01-20T10:00:00,-4.74
6347,23,2024-01-20T11:00:00,-3.66
6348,23,2024-01-20T12:00:00,-2.42
6349,23,2024-01-20T13:00:00,-1.62
6350,23,2024-01-20T14:00:00,-1.17
6351,23,2024-01-20T15:00:00,-1.49
6352,23,2024-01-20T16:00:00,-2.4
6353,23,2024-01-20T17:00:00,-3.85
6354,23,2024-01-20T18:00:00,-4.63
6355,23,2024-01-20T19:00:00,-5.18
6356,23,2024-01-20T20:00:00,-5.2
6357,23,2024-01-20T21:00:00,-5.09
6358,23,2024-01-20T22:00:00,-3.88
6359,23,2024-01-20T23:00:00,-3.11
6360,23,2024-01-21T00:00:00,-2.54
6361,23,2024-01-21T01:00:00,-3.28
6362,23,2024-01-21T02:00:00,-3.14
6363,23,2024-01-21T03:00:00,-2.89
6364,23,2024-01-21T04:00:00,-2.07
6365,23,2024-01-21T05:00:00,-2.18
6366,23,2024-01-21T06:00:00,-2.31
6367,23,2024-01-21T07:00:00,-2.05
6368,23,2024-01-21T08:00:00,-1.93
6369,23,2024-01-21T09:00:00,-1.82
6370,23,2024-01-21T10:00:00,-0.73
6371,23,2024-01-21T11:00:00,-0.25
6372,23,2024-01-21T12:00:00,0.31
6373,23,2024-01-21T13:00:00,0.74
6374,23,2024-01-21T14:00:00,1.21
6375,23,2024-01-21T15:00:00,1.5
6376,23,2024-01-21T16:00:00,1.62
6377,23,2024-01-21T17:00:00,1.91
6378,23,2024-01-21T18:00:00,2.05
6379,23,2024-01-21T19:00:00,2.41
6380,23,2024-01-21T20:00:00,2.89
6381,23,2024-01-21T21:00:00,3.5
6382,23,2024-01-21T22:00:00,4.29
6383,23,2024-01-21T23:00:00,5.0
6384,23,2024-01-22T00:00:00,5.48
6385,23,2024-01-22T01:00:00,5.79
6386,23,2024-01-22T02:00:00,6.14
6387,23,2024-01-22T03:00:00,6.56
6388,23,2024-01-22T04:00:00,6.9
6389,23,2024-01-22T05:00:00,7.0
6390,23,2024-01-22T06:00:00,7.41
6391,23,2024-01-22T07:00:00,7.76
6392,23,2024-01-22T08:00:00,8.03
6393,23,2024-01-22T09:00:00,8.27
6394,23,2024-01-22T10:00:00,8.42
6395,23,2024-01-22T11:00:00,8.16
6396,23,2024-01-22T12:00:00,8.4
6397,23,2024-01-22T13:00:00,8.25
6398,23,2024-01-22T14:00:00,8.03
6399,23,2024-01-22T15:00:00,7.79
6400,23,2024-01-22T16:00:00,7.24
6401,23,2024-01-22T17:00:00,6.49
6402,23,2024-01-22T18:00:00,6.23
6403,23,2024-01-22T19:00:00,6.25
6404,23,2024-01-22T20:00:00,6.13
6405,23,2024-01-22T21:00:00,6.05
6406,23,2024-01-22T22:00:00,5.9
6407,23,2024-01-22T23:00:00,5.95
6408,23,2024-01-23T00:00:00,5.85
6409,23,2024-01-23T01:00:00,5.68
6410,23,2024-01-23T02:00:00,5.44
6411,23,2024-01-23T03:00:00,5.26
6412,23,2024-01-23T04:00:00,4.95
6413,23,2024-01-23T05:00:00,4.49
6414,23,2024-01-23T06:00:00,4.19
6415,23,2024-01-23T07:00:00,3.8
6416,23,2024-01-23T08:00:00,3.48
6417,23,2024-01-23T09:00:00,3.82
6418,23,2024-01-23T10:00:00,4.54
6419,23,2024-01-23T11:00:00,5.3
6420,23,2024-01-23T12:00:00,5.88
6421,23,2024-01-23T13:00:00,6.36
6422,23,2024-01-23T14:00:00,6.38
6423,23,2024-01-23T15:00:00,5.96
6424,23,2024-01-23T16:00:00,5.73
6425,23,2024-01-23T17:00:00,5.67
6426,23,2024-01-23T18:00:00,5.98
6427,23,2024-01-23T19:00:00,6.65
6428,23,2024-01-23T20:00:00,7.22
6429,23,2024-01-23T21:00:00,7.95
6430,23,2024-01-23T22:00:00,8.71
6431,23,2024-01-23T23:00:00,9.26
6432,23,2024-01-24T00:00:00,9.73
6433,23,2024-01-24T01:00:00,10.16
6434,23,2024-01-24T02:00:00,10.54
6435,23,2024-01-24T03:00:00,10.62
6436,23,2024-01-24T04:00:00,10.42
6437,23,2024-01-24T05:00:00,10.55
6438,23,2024-01-24T06:00:00,10.14
6439,23,2024-01-24T07:00:00,9.46
6440,23,2024-01-24T08:00:00,9.03
6441,23,2024-01-24T09:00:00,8.85
6442,23,2024-01-24T10:00:00,8.81
6443,23,2024-01-24T11:00:00,8.8
6444,23,2024-01-24T12:00:00,8.86
6445,23,2024-01-24T13:00:00,9.01
6446,23,2024-01-24T14:00:00,8.92
6447,23,2024-01-24T15:00:00,8.74
6448,23,2024-01-24T16:00:00,8.25
6449,23,2024-01-24T17:00:00,7.67
6450,23,2024-01-24T18:00:00,7.14
6451,23,2024-01-24T19:00:00,7.04
6452,23,2024-01-24T20:00:00,6.65
6453,23,2024-01-24T21:00:00,6.67
6454,23,2024-01-24T22:00:00,6.55
6455,23,2024-01-24T23:00:00,6.5
6456,23,2024-01-25T00:00:00,6.47
6457,23,2024-01-25T01:00:00,6.33
6458,23,2024-01-25T02:00:00,6.11
6459,23,2024-01-25T03:00:00,5.8
6460,23,2024-01-25T04:00:00,5.03
6461,23,2024-01-25T05:00:00,4.07
6462,23,2024-01-25T06:00:00,3.91
6463,23,2024-01-25T07:00:00,3.84
6464,23,2024-01-25T08:00:00,3.63
6465,23,2024-01-25T09:00:00,4.07
6466,23,2024-01-25T10:00:00,5.03
6467,23,2024-01-25T11:00:00,6.13
6468,23,2024-01-25T12:00:00,7.11
6469,23,2024-01-25T13:00:00,7.35
6470,23,2024-01-25T14:00:00,6.96
6471,23,2024-01-25T15:00:00,6.86
6472,23,2024-01-25T16:00:00,7.02
6473,23,2024-01-25T17:00:00,7.13
6474,23,2024-01-25T18:00:00,7.38
6475,23,2024-01-25T19:00:00,7.46
6476,23,2024-01-25T20:00:00,7.59
6477,23,2024-01-25T21:00:00,7.87
6478,23,2024-01-25T22:00:00,8.02
6479,23,2024-01-25T23:00:00,8.19
6480,23,2024-01-26T00:00:00,8.31
6481,23,2024-01-26T01:00:00,8.38
6482,23,2024-01-26T02:00:00,8.31
6483,23,2024-01-26T03:00:00,8.08
6484,23,2024-01-26T04:00:00,8.03
6485,23,2024-01-26T05:00:00,7.94
6486,23,2024-01-26T06:00:00,8.2
6487,23,2024-01-26T07:00:00,8.33
6488,23,2024-01-26T08:00:00,8.59
6489,23,2024-01-26T09:00:00,8.88
6490,23,2024-01-26T10:00:00,9.11
6491,23,2024-01-26T11:00:00,9.16
6492,23,2024-01-26T12:00:00,8.36
6493,23,2024-01-26T13:00:00,7.45
6494,23,2024-01-26T14:00:00,6.91
6495,23,2024-01-26T15:00:00,6.2
6496,23,2024-01-26T16:00:00,5.37
6497,23,2024-01-26T17:00:00,4.36
6498,23,2024-01-26T18:00:00,3.55
6499,23,2024-01-26T19:00:00,2.93
6500,23,2024-01-26T20:00:00,2.38
6501,23,2024-01-26T21:00:00,1.59
6502,23,2024-01-26T22:00:00,0.54
6503,23,2024-01-26T23:00:00,-0.03
6504,23,2024-01-27T00:00:00,-0.53
6505,23,2024-01-27T01:00:00,-1.18
6506,23,2024-01-27T02:00:00,-1.57
6507,23,2024-01-27T03:00:00,-2.02
6508,23,2024-01-27T04:00:00,-2.28
6509,23,2024-01-27T05:00:00,-2.34
6510,23,2024-01-27T06:00:00,-2.68
6511,23,2024-01-27T07:00:00,-2.88
6512,23,2024-01-27T08:00:00,-2.84
6513,23,2024-01-27T09:00:00,-0.74
6514,23,2024-01-27T10:00:00,1.88
6515,23,2024-01-27T11:00:00,3.58
6516,23,2024-01-27T12:00:00,5.03
6517,23,2024-01-27T13:00:00,5.94
6518,23,2024-01-27T14:00:00,6.16
6519,23,2024-01-27T15:00:00,5.42
6520,23,2024-01-27T16:00:00,4.61
6521,23,2024-01-27T17:00:00,3.05
6522,23,2024-01-27T18:00:00,2.19
6523,23,2024-01-27T19:00:00,2.0
6524,23,2024-01-27T20:00:00,1.33
6525,23,2024-01-27T21:00:00,0.94
6526,23,2024-01-27T22:00:00,0.76
6527,23,2024-01-27T23:00:00,0.24
6528,23,2024-01-28T00:00:00,0.32
6529,23,2024-01-28T01:00:00,0.51
6530,23,2024-01-28T02:00:00,0.58
6531,23,2024-01-28T03:00:00,0.7
6532,23,2024-01-28T04:00:00,0.56
6533,23,2024-01-28T05:00:00,0.65
6534,23,2024-01-28T06:00:00,0.74
6535,23,2024-01-28T07:00:00,0.75
6536,23,2024-01-28T08:00:00,1.12
6537,23,2024-01-28T09:00:00,2.61
6538,23,2024-01-28T10:00:00,5.02
6539,23,2024-01-28T11:00:00,7.82
6540,23,2024-01-28T12:00:00,9.73
6541,23,2024-01-28T13:00:00,10.88
6542,23,2024-01-28T14:00:00,11.72
6543,23,2024-01-28T15:00:00,11.38
6544,23,2024-01-28T16:00:00,10.16
6545,23,2024-01-28T17:00:00,7.9
6546,23,2024-01-28T18:00:00,6.34
6547,23,2024-01-28T19:00:00,5.41
6548,23,2024-01-28T20:00:00,4.94
6549,23,2024-01-28T21:00:00,4.52
6550,23,2024-01-28T22:00:00,4.11
6551,23,2024-01-28T23:00:00,3.75
6552,23,2024-01-29T00:00:00,3.5
6553,23,2024-01-29T01:00:00,3.55
6554,23,2024-01-29T02:00:00,3.77
6555,23,2024-01-29T03:00:00,4.59
6556,23,2024-01-29T04:00:00,4.49
6557,23,2024-01-29T05:00:00,4.66
6558,23,2024-01-29T06:00:00,4.45
6559,23,2024-01-29T07:00:00,3.5
6560,23,2024-01-29T08:00:00,3.66
6561,23,2024-01-29T09:00:00,4.44
6562,23,2024-01-29T10:00:00,6.6
6563,23,2024-01-29T11:00:00,8.64
6564,23,2024-01-29T12:00:00,10.47
6565,23,2024-01-29T13:00:00,11.46
6566,23,2024-01-29T14:00:00,11.63
6567,23,2024-01-29T15:00:00,11.04
6568,23,2024-01-29T16:00:00,9.92
6569,23,2024-01-29T17:00:00,8.75
6570,23,2024-01-29T18:00:00,7.5
6571,23,2024-01-29T19:00:00,7.28
6572,23,2024-01-29T20:00:00,7.58
6573,23,2024-01-29T21:00:00,7.33
6574,23,2024-01-29T22:00:00,7.22
6575,23,2024-01-29T23:00:00,7.01
6576,23,2024-01-30T00:00:00,6.78
6577,23,2024-01-30T01:00:00,6.94
6578,23,2024-01-30T02:00:00,6.89
6579,23,2024-01-30T03:00:00,7.02
6580,23,2024-01-30T04:00:00,7.01
6581,23,2024-01-30T05:00:00,6.83
6582,23,2024-01-30T06:00:00,6.95
6583,23,2024-01-30T07:00:00,6.83
6584,23,2024-01-30T08:00:00,6.87
6585,23,2024-01-30T09:00:00,7.18
6586,23,2024-01-30T10:00:00,8.02
6587,23,2024-01-30T11:00:00,8.85
6588,23,2024-01-30T12:00:00,9.16
6589,23,2024-01-30T13:00:00,9.04
6590,23,2024-01-30T14:00:00,8.71
6591,23,2024-01-30T15:00:00,8.56
6592,23,2024-01-30T16:00:00,8.34
6593,23,2024-01-30T17:00:00,7.73
6594,23,2024-01-30T18:00:00,6.74
6595,23,2024-01-30T19:00:00,6.22
6596,23,2024-01-30T20:00:00,5.68
6597,23,2024-01-30T21:00:00,5.37
6598,23,2024-01-30T22:00:00,5.13
6599,23,2024-01-30T23:00:00,4.93
6600,23,2024-01-31T00:00:00,4.82
6601,23,2024-01-31T01:00:00,4.61
6602,23,2024-01-31T02:00:00,4.46
6603,23,2024-01-31T03:00:00,4.3
6604,23,2024-01-31T04:00:00,4.09
6605,23,2024-01-31T05:00:00,3.86
6606,23,2024-01-31T06:00:00,3.75
6607,23,2024-01-31T07:00:00,3.68
6608,23,2024-01-31T08:00:00,3.66
6609,23,2024-01-31T09:00:00,3.9
6610,23,2024-01-31T10:00:00,4.08
6611,23,2024-01-31T11:00:00,4.3
6612,23,2024-01-31T12:00:00,4.65
6613,23,2024-01-31T13:00:00,4.74
6614,23,2024-01-31T14:00:00,5.06
6615,23,2024-01-31T15:00:00,5.36
6616,23,2024-01-31T16:00:00,5.04
6617,23,2024-01-31T17:00:00,3.86
6618,23,2024-01-31T18:00:00,3.72
6619,23,2024-01-31T19:00:00,3.97
6620,23,2024-01-31T20:00:00,4.12
6621,23,2024-01-31T21:00:00,4.5
6622,23,2024-01-31T22:00:00,4.97
6623,23,2024-01-31T23:00:00,5.3
6624,23,2024-02-01T00:00:00,5.67
6625,23,2024-02-01T01:00:00,5.95
6626,23,2024-02-01T02:00:00,6.02
6627,23,2024-02-01T03:00:00,6.11
6628,23,2024-02-01T04:00:00,6.24
6629,23,2024-02-01T05:00:00,6.4
6630,23,2024-02-01T06:00:00,6.57
6631,23,2024-02-01T07:00:00,6.54
6632,23,2024-02-01T08:00:00,5.92
6633,23,2024-02-01T09:00:00,5.56
6634,23,2024-02-01T10:00:00,5.66
6635,23,2024-02-01T11:00:00,5.7
6636,23,2024-02-01T12:00:00,5.68
6637,23,2024-02-01T13:00:00,6.21
6638,23,2024-02-01T14:00:00,6.59
6639,23,2024-02-01T15:00:00,6.48
6640,23,2024-02-01T16:00:00,5.96
6641,23,2024-02-01T17:00:00,4.35
6642,23,2024-02-01T18:00:00,3.52
6643,23,2024-02-01T19:00:00,2.68
6644,23,2024-02-01T20:00:00,1.36
6645,23,2024-02-01T21:00:00,0.46
6646,23,2024-02-01T22:00:00,-0.03
6647,23,2024-02-01T23:00:00,-0.21
6648,23,2024-02-02T00:00:00,1.04
6649,23,2024-02-02T01:00:00,1.48
6650,23,2024-02-02T02:00:00,1.65
6651,23,2024-02-02T03:00:00,1.73
6652,23,2024-02-02T04:00:00,1.83
6653,23,2024-02-02T05:00:00,1.91
6654,23,2024-02-02T06:00:00,1.53
6655,23,2024-02-02T07:00:00,1.49
6656,23,2024-02-02T08:00:00,1.64
6657,23,2024-02-02T09:00:00,2.9
6658,23,2024-02-02T10:00:00,4.24
6659,23,2024-02-02T11:00:00,5.33
6660,23,2024-02-02T12:00:00,6.18
6661,23,2024-02-02T13:00:00,6.27
6662,23,2024-02-02T14:00:00,6.14
6663,23,2024-02-02T15:00:00,5.87
6664,23,2024-02-02T16:00:00,5.43
6665,23,2024-02-02T17:00:00,5.14
6666,23,2024-02-02T18:00:00,5.04
6667,23,2024-02-02T19:00:00,5.22
6668,23,2024-02-02T20:00:00,5.33
6669,23,2024-02-02T21:00:00,5.45
6670,23,2024-02-02T22:00:00,5.63
6671,23,2024-02-02T23:00:00,5.74
6672,23,2024-02-03T00:00:00,5.99
6673,23,2024-02-03T01:00:00,6.15
6674,23,2024-02-03T02:00:00,6.2
6675,23,2024-02-03T03:00:00,6.29
6676,23,2024-02-03T04:00:00,6.53
6677,23,2024-02-03T05:00:00,6.77
6678,23,2024-02-03T06:00:00,6.83
6679,23,2024-02-03T07:00:00,6.86
6680,23,2024-02-03T08:00:00,7.03
6681,23,2024-02-03T09:00:00,7.23
6682,23,2024-02-03T10:00:00,7.45
6683,23,2024-02-03T11:00:00,7.73
6684,23,2024-02-03T12:00:00,7.99
6685,23,2024-02-03T13:00:00,8.1
6686,23,2024-02-03T14:00:00,8.11
6687,23,2024-02-03T15:00:00,7.92
6688,23,2024-02-03T16:00:00,7.85
6689,23,2024-02-03T17:00:00,7.8
6690,23,2024-02-03T18:00:00,7.82
6691,23,2024-02-03T19:00:00,7.84
6692,23,2024-02-03T20:00:00,7.82
6693,23,2024-02-03T21:00:00,7.74
6694,23,2024-02-03T22:00:00,7.6
6695,23,2024-02-03T23:00:00,7.57
6696,23,2024-02-04T00:00:00,7.55
6697,23,2024-02-04T01:00:00,7.55
6698,23,2024-02-04T02:00:00,7.69
6699,23,2024-02-04T03:00:00,7.76
6700,23,2024-02-04T04:00:00,7.82
6701,23,2024-02-04T05:00:00,7.79
6702,23,2024-02-04T06:00:00,7.73
6703,23,2024-02-04T07:00:00,7.71
6704,23,2024-02-04T08:00:00,7.76
6705,23,2024-02-04T09:00:00,7.86
6706,23,2024-02-04T10:00:00,8.1
6707,23,2024-02-04T11:00:00,8.35
6708,23,2024-02-04T12:00:00,8.39
6709,23,2024-02-04T13:00:00,8.46
6710,23,2024-02-04T14:00:00,8.59
6711,23,2024-02-04T15:00:00,8.55
6712,23,2024-02-04T16:00:00,8.41
6713,23,2024-02-04T17:00:00,8.26
6714,23,2024-02-04T18:00:00,8.18
6715,23,2024-02-04T19:00:00,8.09
6716,23,2024-02-04T20:00:00,7.97
6717,23,2024-02-04T21:00:00,7.91
6718,23,2024-02-04T22:00:00,7.87
6719,23,2024-02-04T23:00:00,7.97
6720,23,2024-02-05T00:00:00,8.09
6721,23,2024-02-05T01:00:00,8.08
6722,23,2024-02-05T02:00:00,7.97
6723,23,2024-02-05T03:00:00,7.83
6724,23,2024-02-05T04:00:00,7.66
6725,23,2024-02-05T05:00:00,7.52
6726,23,2024-02-05T06:00:00,7.28
6727,23,2024-02-05T07:00:00,6.99
6728,23,2024-02-05T08:00:00,6.85
6729,23,2024-02-05T09:00:00,6.79
6730,23,2024-02-05T10:00:00,6.87
6731,23,2024-02-05T11:00:00,7.16
6732,23,2024-02-05T12:00:00,7.45
6733,23,2024-02-05T13:00:00,7.74
6734,23,2024-02-05T14:00:00,7.53
6735,23,2024-02-05T15:00:00,7.0
6736,23,2024-02-05T16:00:00,6.41
6737,23,2024-02-05T17:00:00,5.93
6738,23,2024-02-05T18:00:00,5.7
6739,23,2024-02-05T19:00:00,5.61
6740,23,2024-02-05T20:00:00,5.55
6741,23,2024-02-05T21:00:00,5.52
6742,23,2024-02-05T22:00:00,5.43
6743,23,2024-02-05T23:00:00,5.55
6744,23,2024-02-06T00:00:00,5.83
6745,23,2024-02-06T01:00:00,5.87
6746,23,2024-02-06T02:00:00,6.01
6747,23,2024-02-06T03:00:00,6.04
6748,23,2024-02-06T04:00:00,6.06
6749,23,2024-02-06T05:00:00,6.14
6750,23,2024-02-06T06:00:00,6.26
6751,23,2024-02-06T07:00:00,6.43
6752,23,2024-02-06T08:00:00,6.61
6753,23,2024-02-06T09:00:00,6.75
6754,23,2024-02-06T10:00:00,6.94
6755,23,2024-02-06T11:00:00,7.15
6756,23,2024-02-06T12:00:00,7.43
6757,23,2024-02-06T13:00:00,7.77
6758,23,2024-02-06T14:00:00,7.87
6759,23,2024-02-06T15:00:00,8.04
6760,23,2024-02-06T16:00:00,7.94
6761,23,2024-02-06T17:00:00,7.92
6762,23,2024-02-06T18:00:00,7.8
6763,23,2024-02-06T19:00:00,7.81
6764,23,2024-02-06T20:00:00,8.08
6765,23,2024-02-06T21:00:00,8.26
6766,23,2024-02-06T22:00:00,8.41
6767,23,2024-02-06T23:00:00,8.39
6768,23,2024-02-07T00:00:00,8.21
6769,23,2024-02-07T01:00:00,8.17
6770,23,2024-02-07T02:00:00,8.25
6771,23,2024-02-07T03:00:00,8.1
6772,23,2024-02-07T04:00:00,8.13
6773,23,2024-02-07T05:00:00,8.18
6774,23,2024-02-07T06:00:00,6.99
6775,23,2024-02-07T07:00:00,6.67
6776,23,2024-02-07T08:00:00,6.36
6777,23,2024-02-07T09:00:00,5.89
6778,23,2024-02-07T10:00:00,5.46
6779,23,2024-02-07T11:00:00,5.05
6780,23,2024-02-07T12:00:00,3.67
6781,23,2024-02-07T13:00:00,2.86
6782,23,2024-02-07T14:00:00,2.95
6783,23,2024-02-07T15:00:00,3.51
6784,23,2024-02-07T16:00:00,3.55
6785,23,2024-02-07T17:00:00,3.33
6786,23,2024-02-07T18:00:00,2.87
6787,23,2024-02-07T19:00:00,2.9
6788,23,2024-02-07T20:00:00,3.37
6789,23,2024-02-07T21:00:00,3.84
6790,23,2024-02-07T22:00:00,3.95
6791,23,2024-02-07T23:00:00,4.05
6792,23,2024-02-08T00:00:00,4.1
6793,23,2024-02-08T01:00:00,4.05
6794,23,2024-02-08T02:00:00,3.86
6795,23,2024-02-08T03:00:00,3.74
6796,23,2024-02-08T04:00:00,3.84
6797,23,2024-02-08T05:00:00,3.96
6798,23,2024-02-08T06:00:00,4.09
6799,23,2024-02-08T07:00:00,4.08
6800,23,2024-02-08T08:00:00,4.47
6801,23,2024-02-08T09:00:00,5.16
6802,23,2024-02-08T10:00:00,6.07
6803,23,2024-02-08T11:00:00,6.94
6804,23,2024-02-08T12:00:00,7.71
6805,23,2024-02-08T13:00:00,8.03
6806,23,2024-02-08T14:00:00,8.15
6807,23,2024-02-08T15:00:00,9.06
6808,23,2024-02-08T16:00:00,9.62
6809,23,2024-02-08T17:00:00,9.56
6810,23,2024-02-08T18:00:00,9.5
6811,23,2024-02-08T19:00:00,9.18
6812,23,2024-02-08T20:00:00,8.87
6813,23,2024-02-08T21:00:00,8.76
6814,23,2024-02-08T22:00:00,8.63
6815,23,2024-02-08T23:00:00,8.58
6816,23,2024-02-09T00:00:00,8.46
6817,23,2024-02-09T01:00:00,8.25
6818,23,2024-02-09T02:00:00,8.17
6819,23,2024-02-09T03:00:00,8.06
6820,23,2024-02-09T04:00:00,8.11
6821,23,2024-02-09T05:00:00,8.42
6822,23,2024-02-09T06:00:00,8.7
6823,23,2024-02-09T07:00:00,8.83
6824,23,2024-02-09T08:00:00,9.12
6825,23,2024-02-09T09:00:00,9.25
6826,23,2024-02-09T10:00:00,9.4
6827,23,2024-02-09T11:00:00,9.43
6828,23,2024-02-09T12:00:00,9.73
6829,23,2024-02-09T13:00:00,9.94
6830,23,2024-02-09T14:00:00,10.04
6831,23,2024-02-09T15:00:00,9.99
6832,23,2024-02-09T16:00:00,9.85
6833,23,2024-02-09T17:00:00,9.53
6834,23,2024-02-09T18:00:00,9.39
6835,23,2024-02-09T19:00:00,9.22
6836,23,2024-02-09T20:00:00,9.13
6837,23,2024-02-09T21:00:00,9.15
6838,23,2024-02-09T22:00:00,9.08
6839,23,2024-02-09T23:00:00,8.85
6840,23,2024-02-10T00:00:00,8.83
6841,23,2024-02-10T01:00:00,8.55
6842,23,2024-02-10T02:00:00,8.14
6843,23,2024-02-10T03:00:00,7.83
6844,23,2024-02-10T04:00:00,7.63
6845,23,2024-02-10T05:00:00,7.55
6846,23,2024-02-10T06:00:00,7.39
6847,23,2024-02-10T07:00:00,7.46
6848,23,2024-02-10T08:00:00,7.6
6849,23,2024-02-10T09:00:00,7.97
6850,23,2024-02-10T10:00:00,8.47
6851,23,2024-02-10T11:00:00,8.99
6852,23,2024-02-10T12:00:00,9.64
6853,23,2024-02-10T13:00:00,10.24
6854,23,2024-02-10T14:00:00,10.27
6855,23,2024-02-10T15:00:00,10.05
6856,23,2024-02-10T16:00:00,9.73
6857,23,2024-02-10T17:00:00,9.29
6858,23,2024-02-10T18:00:00,8.93
6859,23,2024-02-10T19:00:00,8.64
6860,23,2024-02-10T20:00:00,8.43
6861,23,2024-02-10T21:00:00,8.33
6862,23,2024-02-10T22:00:00,8.21
6863,23,2024-02-10T23:00:00,7.96
6864,23,2024-02-11T00:00:00,8.0
6865,23,2024-02-11T01:00:00,7.9
6866,23,2024-02-11T02:00:00,7.9
6867,23,2024-02-11T03:00:00,7.41
6868,23,2024-02-11T04:00:00,6.54
6869,23,2024-02-11T05:00:00,5.51
6870,23,2024-02-11T06:00:00,5.44
6871,23,2024-02-11T07:00:00,5.5
6872,23,2024-02-11T08:00:00,5.79
6873,23,2024-02-11T09:00:00,6.11
6874,23,2024-02-11T10:00:00,6.43
6875,23,2024-02-11T11:00:00,6.9
6876,23,2024-02-11T12:00:00,7.12
6877,23,2024-02-11T13:00:00,7.21
6878,23,2024-02-11T14:00:00,7.4
6879,23,2024-02-11T15:00:00,7.42
6880,23,2024-02-11T16:00:00,7.11
6881,23,2024-02-11T17:00:00,6.59
6882,23,2024-02-11T18:00:00,6.11
6883,23,2024-02-11T19:00:00,5.85
6884,23,2024-02-11T20:00:00,5.86
6885,23,2024-02-11T21:00:00,5.88
6886,23,2024-02-11T22:00:00,5.96
6887,23,2024-02-11T23:00:00,5.8
6888,23,2024-02-12T00:00:00,5.6
6889,23,2024-02-12T01:00:00,5.48
6890,23,2024-02-12T02:00:00,5.44
6891,23,2024-02-12T03:00:00,5.33
6892,23,2024-02-12T04:00:00,5.16
6893,23,2024-02-12T05:00:00,5.15
6894,23,2024-02-12T06:00:00,4.99
6895,23,2024-02-12T07:00:00,4.75
6896,23,2024-02-12T08:00:00,4.61
6897,23,2024-02-12T09:00:00,4.91
6898,23,2024-02-12T10:00:00,5.09
6899,23,2024-02-12T11:00:00,5.54
6900,23,2024-02-12T12:00:00,5.83
6901,23,2024-02-12T13:00:00,6.38
6902,23,2024-02-12T14:00:00,6.19
6903,23,2024-02-12T15:00:00,5.82
6904,23,2024-02-12T16:00:00,5.58
6905,23,2024-02-12T17:00:00,4.99
6906,23,2024-02-12T18:00:00,4.53
6907,23,2024-02-12T19:00:00,4.0
6908,23,2024-02-12T20:00:00,3.31
6909,23,2024-02-12T21:00:00,3.01
6910,23,2024-02-12T22:00:00,2.17
6911,23,2024-02-12T23:00:00,2.22
6912,23,2024-02-13T00:00:00,2.18
6913,23,2024-02-13T01:00:00,1.95
6914,23,2024-02-13T02:00:00,1.58
6915,23,2024-02-13T03:00:00,0.95
6916,23,2024-02-13T04:00:00,1.27
6917,23,2024-02-13T05:00:00,1.22
6918,23,2024-02-13T06:00:00,1.17
6919,23,2024-02-13T07:00:00,1.26
6920,23,2024-02-13T08:00:00,1.45
6921,23,2024-02-13T09:00:00,2.19
6922,23,2024-02-13T10:00:00,3.53
6923,23,2024-02-13T11:00:00,4.96
6924,23,2024-02-13T12:00:00,5.95
6925,23,2024-02-13T13:00:00,6.44
6926,23,2024-02-13T14:00:00,6.54
6927,23,2024-02-13T15:00:00,6.34
6928,23,2024-02-13T16:00:00,6.23
6929,23,2024-02-13T17:00:00,5.91
6930,23,2024-02-13T18:00:00,5.73
6931,23,2024-02-13T19:00:00,5.73
6932,23,2024-02-13T20:00:00,5.86
6933,23,2024-02-13T21:00:00,6.02
6934,23,2024-02-13T22:00:00,6.02
6935,23,2024-02-13T23:00:00,5.83
6936,23,2024-02-14T00:00:00,5.91
6937,23,2024-02-14T01:00:00,6.13
6938,23,2024-02-14T02:00:00,6.3
6939,23,2024-02-14T03:00:00,6.39
6940,23,2024-02-14T04:00:00,6.47
6941,23,2024-02-14T05:00:00,6.68
6942,23,2024-02-14T06:00:00,6.8
6943,23,2024-02-14T07:00:00,7.04
6944,23,2024-02-14T08:00:00,7.34
6945,23,2024-02-14T09:00:00,7.74
6946,23,2024-02-14T10:00:00,8.14
6947,23,2024-02-14T11:00:00,8.61
6948,23,2024-02-14T12:00:00,8.84
6949,23,2024-02-14T13:00:00,9.09
6950,23,2024-02-14T14:00:00,9.41
6951,23,2024-02-14T15:00:00,9.6
6952,23,2024-02-14T16:00:00,9.75
6953,23,2024-02-14T17:00:00,9.82
6954,23,2024-02-14T18:00:00,9.88
6955,23,2024-02-14T19:00:00,9.77
6956,23,2024-02-14T20:00:00,9.78
6957,23,2024-02-14T21:00:00,9.9
6958,23,2024-02-14T22:00:00,10.01
6959,23,2024-02-14T23:00:00,10.03
6960,23,2024-02-15T00:00:00,10.13
6961,23,2024-02-15T01:00:00,10.32
6962,23,2024-02-15T02:00:00,10.38
6963,23,2024-02-15T03:00:00,10.32
6964,23,2024-02-15T04:00:00,10.09
6965,23,2024-02-15T05:00:00,9.84
6966,23,2024-02-15T06:00:00,9.69
6967,23,2024-02-15T07:00:00,9.57
6968,23,2024-02-15T08:00:00,9.66
6969,23,2024-02-15T09:00:00,10.3
6970,23,2024-02-15T10:00:00,11.17
6971,23,2024-02-15T11:00:00,12.1
6972,23,2024-02-15T12:00:00,12.49
6973,23,2024-02-15T13:00:00,12.57
6974,23,2024-02-15T14:00:00,12.86
6975,23,2024-02-15T15:00:00,13.07
6976,23,2024-02-15T16:00:00,12.95
6977,23,2024-02-15T17:00:00,11.87
6978,23,2024-02-15T18:00:00,11.46
6979,23,2024-02-15T19:00:00,10.93
6980,23,2024-02-15T20:00:00,10.43
6981,23,2024-02-15T21:00:00,10.14
6982,23,2024-02-15T22:00:00,10.52
6983,23,2024-02-15T23:00:00,10.56
6984,23,2024-02-16T00:00:00,10.71
6985,23,2024-02-16T01:00:00,10.88
6986,23,2024-02-16T02:00:00,10.88
6987,23,2024-02-16T03:00:00,11.07
6988,23,2024-02-16T04:00:00,10.92
6989,23,2024-02-16T05:00:00,10.8
6990,23,2024-02-16T06:00:00,10.84
6991,23,2024-02-16T07:00:00,10.64
6992,23,2024-02-16T08:00:00,10.84
6993,23,2024-02-16T09:00:00,11.05
6994,23,2024-02-16T10:00:00,11.37
6995,23,2024-02-16T11:00:00,11.54
6996,23,2024-02-16T12:00:00,11.42
6997,23,2024-02-16T13:00:00,11.27
6998,23,2024-02-16T14:00:00,11.08
6999,23,2024-02-16T15:00:00,10.89
7000,23,2024-02-16T16:00:00,10.61
7001,23,2024-02-16T17:00:00,10.05
7002,23,2024-02-16T18:00:00,9.49
7003,23,2024-02-16T19:00:00,8.69
7004,23,2024-02-16T20:00:00,8.58
7005,23,2024-02-16T21:00:00,8.58
7006,23,2024-02-16T22:00:00,8.31
7007,23,2024-02-16T23:00:00,7.47
7008,23,2024-02-17T00:00:00,7.43
7009,23,2024-02-17T01:00:00,7.28
7010,23,2024-02-17T02:00:00,7.11
7011,23,2024-02-17T03:00:00,6.9
7012,23,2024-02-17T04:00:00,6.79
7013,23,2024-02-17T05:00:00,6.7
7014,23,2024-02-17T06:00:00,6.56
7015,23,2024-02-17T07:00:00,6.5
7016,23,2024-02-17T08:00:00,6.57
7017,23,2024-02-17T09:00:00,6.94
7018,23,2024-02-17T10:00:00,7.4
7019,23,2024-02-17T11:00:00,8.12
7020,23,2024-02-17T12:00:00,8.91
7021,23,2024-02-17T13:00:00,9.53
7022,23,2024-02-17T14:00:00,10.12
7023,23,2024-02-17T15:00:00,10.51
7024,23,2024-02-17T16:00:00,10.19
7025,23,2024-02-17T17:00:00,9.03
7026,23,2024-02-17T18:00:00,7.35
7027,23,2024-02-17T19:00:00,6.13
7028,23,2024-02-17T20:00:00,5.86
7029,23,2024-02-17T21:00:00,5.75
7030,23,2024-02-17T22:00:00,5.77
7031,23,2024-02-17T23:00:00,5.61
7032,23,2024-02-18T00:00:00,5.67
7033,23,2024-02-18T01:00:00,5.6
7034,23,2024-02-18T02:00:00,5.36
7035,23,2024-02-18T03:00:00,4.99
7036,23,2024-02-18T04:00:00,5.01
7037,23,2024-02-18T05:00:00,5.02
7038,23,2024-02-18T06:00:00,4.97
7039,23,2024-02-18T07:00:00,4.88
7040,23,2024-02-18T08:00:00,5.0
7041,23,2024-02-18T09:00:00,5.2
7042,23,2024-02-18T10:00:00,5.33
7043,23,2024-02-18T11:00:00,5.34
7044,23,2024-02-18T12:00:00,5.83
7045,23,2024-02-18T13:00:00,6.36
7046,23,2024-02-18T14:00:00,6.47
7047,23,2024-02-18T15:00:00,6.83
7048,23,2024-02-18T16:00:00,7.24
7049,23,2024-02-18T17:00:00,7.6
7050,23,2024-02-18T18:00:00,8.04
7051,23,2024-02-18T19:00:00,8.14
7052,23,2024-02-18T20:00:00,8.22
7053,23,2024-02-18T21:00:00,8.21
7054,23,2024-02-18T22:00:00,8.12
7055,23,2024-02-18T23:00:00,7.8
7056,23,2024-02-19T00:00:00,7.38
7057,23,2024-02-19T01:00:00,7.12
7058,23,2024-02-19T02:00:00,6.9
7059,23,2024-02-19T03:00:00,6.68
7060,23,2024-02-19T04:00:00,6.59
7061,23,2024-02-19T05:00:00,6.55
7062,23,2024-02-19T06:00:00,6.59
7063,23,2024-02-19T07:00:00,6.75
7064,23,2024-02-19T08:00:00,6.98
7065,23,2024-02-19T09:00:00,7.44
7066,23,2024-02-19T10:00:00,8.09
7067,23,2024-02-19T11:00:00,8.38
7068,23,2024-02-19T12:00:00,8.25
7069,23,2024-02-19T13:00:00,7.98
7070,23,2024-02-19T14:00:00,7.89
7071,23,2024-02-19T15:00:00,7.74
7072,23,2024-02-19T16:00:00,7.61
7073,23,2024-02-19T17:00:00,7.08
7074,23,2024-02-19T18:00:00,6.8
7075,23,2024-02-19T19:00:00,6.73
7076,23,2024-02-19T20:00:00,6.45
7077,23,2024-02-19T21:00:00,6.1
7078,23,2024-02-19T22:00:00,5.87
7079,23,2024-02-19T23:00:00,5.38
7080,23,2024-02-20T00:00:00,5.26
7081,23,2024-02-20T01:00:00,5.2
7082,23,2024-02-20T02:00:00,5.1
7083,23,2024-02-20T03:00:00,5.01
7084,23,2024-02-20T04:00:00,4.57
7085,23,2024-02-20T05:00:00,4.48
7086,23,2024-02-20T06:00:00,4.5
7087,23,2024-02-20T07:00:00,4.59
7088,23,2024-02-20T08:00:00,4.74
7089,23,2024-02-20T09:00:00,5.13
7090,23,2024-02-20T10:00:00,5.6
7091,23,2024-02-20T11:00:00,6.47
7092,23,2024-02-20T12:00:00,7.31
7093,23,2024-02-20T13:00:00,7.92
7094,23,2024-02-20T14:00:00,8.21
7095,23,2024-02-20T15:00:00,7.51
7096,23,2024-02-20T16:00:00,6.97
7097,23,2024-02-20T17:00:00,6.49
7098,23,2024-02-20T18:00:00,6.02
7099,23,2024-02-20T19:00:00,5.65
7100,23,2024-02-20T20:00:00,5.66
7101,23,2024-02-20T21:00:00,5.61
7102,23,2024-02-20T22:00:00,5.64
7103,23,2024-02-20T23:00:00,5.7
7104,23,2024-02-21T00:00:00,5.82
7105,23,2024-02-21T01:00:00,5.77
7106,23,2024-02-21T02:00:00,5.86
7107,23,2024-02-21T03:00:00,5.72
7108,23,2024-02-21T04:00:00,5.56
7109,23,2024-02-21T05:00:00,5.48
7110,23,2024-02-21T06:00:00,5.43
7111,23,2024-02-21T07:00:00,5.16
7112,23,2024-02-21T08:00:00,5.0
7113,23,2024-02-21T09:00:00,5.42
7114,23,2024-02-21T10:00:00,5.98
7115,23,2024-02-21T11:00:00,6.63
7116,23,2024-02-21T12:00:00,7.21
7117,23,2024-02-21T13:00:00,7.66
7118,23,2024-02-21T14:00:00,7.79
7119,23,2024-02-21T15:00:00,7.59
7120,23,2024-02-21T16:00:00,7.12
7121,23,2024-02-21T17:00:00,6.58
7122,23,2024-02-21T18:00:00,6.03
7123,23,2024-02-21T19:00:00,6.0
7124,23,2024-02-21T20:00:00,6.19
7125,23,2024-02-21T21:00:00,6.41
7126,23,2024-02-21T22:00:00,6.64
7127,23,2024-02-21T23:00:00,6.9
7128,23,2024-02-22T00:00:00,7.08
7129,23,2024-02-22T01:00:00,7.23
7130,23,2024-02-22T02:00:00,7.35
7131,23,2024-02-22T03:00:00,7.49
7132,23,2024-02-22T04:00:00,7.55
7133,23,2024-02-22T05:00:00,7.48
7134,23,2024-02-22T06:00:00,7.5
7135,23,2024-02-22T07:00:00,7.52
7136,23,2024-02-22T08:00:00,7.9
7137,23,2024-02-22T09:00:00,8.51
7138,23,2024-02-22T10:00:00,9.43
7139,23,2024-02-22T11:00:00,9.97
7140,23,2024-02-22T12:00:00,10.23
7141,23,2024-02-22T13:00:00,10.32
7142,23,2024-02-22T14:00:00,10.11
7143,23,2024-02-22T15:00:00,10.05
7144,23,2024-02-22T16:00:00,10.02
7145,23,2024-02-22T17:00:00,9.34
7146,23,2024-02-22T18:00:00,9.16
7147,23,2024-02-22T19:00:00,7.26
7148,23,2024-02-22T20:00:00,6.27
7149,23,2024-02-22T21:00:00,5.44
7150,23,2024-02-22T22:00:00,4.53
7151,23,2024-02-22T23:00:00,3.79
7152,23,2024-02-23T00:00:00,2.78
7153,23,2024-02-23T01:00:00,2.66
7154,23,2024-02-23T02:00:00,2.57
7155,23,2024-02-23T03:00:00,2.63
7156,23,2024-02-23T04:00:00,2.61
7157,23,2024-02-23T05:00:00,2.72
7158,23,2024-02-23T06:00:00,2.75
7159,23,2024-02-23T07:00:00,2.61
7160,23,2024-02-23T08:00:00,2.73
7161,23,2024-02-23T09:00:00,3.17
7162,23,2024-02-23T10:00:00,3.89
7163,23,2024-02-23T11:00:00,4.47
7164,23,2024-02-23T12:00:00,4.74
7165,23,2024-02-23T13:00:00,4.98
7166,23,2024-02-23T14:00:00,5.66
7167,23,2024-02-23T15:00:00,5.53
7168,23,2024-02-23T16:00:00,4.99
7169,23,2024-02-23T17:00:00,4.11
7170,23,2024-02-23T18:00:00,3.63
7171,23,2024-02-23T19:00:00,3.0
7172,23,2024-02-23T20:00:00,2.95
7173,23,2024-02-23T21:00:00,2.92
7174,23,2024-02-23T22:00:00,3.15
7175,23,2024-02-23T23:00:00,3.13
7176,23,2024-02-24T00:00:00,3.09
7177,23,2024-02-24T01:00:00,2.97
7178,23,2024-02-24T02:00:00,2.81
7179,23,2024-02-24T03:00:00,2.61
7180,23,2024-02-24T04:00:00,2.51
7181,23,2024-02-24T05:00:00,2.16
7182,23,2024-02-24T06:00:00,2.04
7183,23,2024-02-24T07:00:00,2.1
7184,23,2024-02-24T08:00:00,1.75
7185,23,2024-02-24T09:00:00,1.8
7186,23,2024-02-24T10:00:00,2.27
7187,23,2024-02-24T11:00:00,2.5
7188,23,2024-02-24T12:00:00,2.84
7189,23,2024-02-24T13:00:00,3.49
7190,23,2024-02-24T14:00:00,3.72
7191,23,2024-02-24T15:00:00,3.92
7192,23,2024-02-24T16:00:00,4.09
7193,23,2024-02-24T17:00:00,3.68
7194,23,2024-02-24T18:00:00,3.23
7195,23,2024-02-24T19:00:00,3.06
7196,23,2024-02-24T20:00:00,3.14
7197,23,2024-02-24T21:00:00,3.11
7198,23,2024-02-24T22:00:00,3.24
7199,23,2024-02-24T23:00:00,3.27
7200,23,2024-02-25T00:00:00,3.28
7201,23,2024-02-25T01:00:00,2.96
7202,23,2024-02-25T02:00:00,2.67
7203,23,2024-02-25T03:00:00,2.69
7204,23,2024-02-25T04:00:00,2.69
7205,23,2024-02-25T05:00:00,2.75
7206,23,2024-02-25T06:00:00,2.44
7207,23,2024-02-25T07:00:00,2.42
7208,23,2024-02-25T08:00:00,2.94
7209,23,2024-02-25T09:00:00,3.62
7210,23,2024-02-25T10:00:00,4.09
7211,23,2024-02-25T11:00:00,4.81
7212,23,2024-02-25T12:00:00,5.36
7213,23,2024-02-25T13:00:00,6.11
7214,23,2024-02-25T14:00:00,6.69
7215,23,2024-02-25T15:00:00,7.05
7216,23,2024-02-25T16:00:00,6.63
7217,23,2024-02-25T17:00:00,5.96
7218,23,2024-02-25T18:00:00,5.4
7219,23,2024-02-25T19:00:00,5.52
7220,23,2024-02-25T20:00:00,5.54
7221,23,2024-02-25T21:00:00,5.53
7222,23,2024-02-25T22:00:00,5.42
7223,23,2024-02-25T23:00:00,4.96
7224,23,2024-02-26T00:00:00,4.39
7225,23,2024-02-26T01:00:00,4.32
7226,23,2024-02-26T02:00:00,4.18
7227,23,2024-02-26T03:00:00,3.96
7228,23,2024-02-26T04:00:00,3.52
7229,23,2024-02-26T05:00:00,3.61
7230,23,2024-02-26T06:00:00,3.73
7231,23,2024-02-26T07:00:00,3.81
7232,23,2024-02-26T08:00:00,3.86
7233,23,2024-02-26T09:00:00,3.61
7234,23,2024-02-26T10:00:00,3.82
7235,23,2024-02-26T11:00:00,4.37
7236,23,2024-02-26T12:00:00,4.88
7237,23,2024-02-26T13:00:00,5.16
7238,23,2024-02-26T14:00:00,4.95
7239,23,2024-02-26T15:00:00,4.77
7240,23,2024-02-26T16:00:00,4.64
7241,23,2024-02-26T17:00:00,4.52
7242,23,2024-02-26T18:00:00,4.4
7243,23,2024-02-26T19:00:00,4.2
7244,23,2024-02-26T20:00:00,3.84
7245,23,2024-02-26T21:00:00,3.72
7246,23,2024-02-26T22:00:00,3.71
7247,23,2024-02-26T23:00:00,3.62
7248,23,2024-02-27T00:00:00,3.51
7249,23,2024-02-27T01:00:00,3.4
7250,23,2024-02-27T02:00:00,3.35
7251,23,2024-02-27T03:00:00,3.3
7252,23,2024-02-27T04:00:00,3.21
7253,23,2024-02-27T05:00:00,3.05
7254,23,2024-02-27T06:00:00,2.91
7255,23,2024-02-27T07:00:00,2.85
7256,23,2024-02-27T08:00:00,2.83
7257,23,2024-02-27T09:00:00,2.9
7258,23,2024-02-27T10:00:00,3.18
7259,23,2024-02-27T11:00:00,3.59
7260,23,2024-02-27T12:00:00,3.81
7261,23,2024-02-27T13:00:00,4.06
7262,23,2024-02-27T14:00:00,4.42
7263,23,2024-02-27T15:00:00,4.12
7264,23,2024-02-27T16:00:00,3.9
7265,23,2024-02-27T17:00:00,3.51
7266,23,2024-02-27T18:00:00,2.88
7267,23,2024-02-27T19:00:00,2.24
7268,23,2024-02-27T20:00:00,1.36
7269,23,2024-02-27T21:00:00,0.61
7270,23,2024-02-27T22:00:00,0.23
7271,23,2024-02-27T23:00:00,-0.01
7272,23,2024-02-28T00:00:00,-0.26
7273,23,2024-02-28T01:00:00,-0.72
7274,23,2024-02-28T02:00:00,-0.9
7275,23,2024-02-28T03:00:00,-0.96
7276,23,2024-02-28T04:00:00,-1.04
7277,23,2024-02-28T05:00:00,-0.87
7278,23,2024-02-28T06:00:00,-1.0
7279,23,2024-02-28T07:00:00,-1.31
7280,23,2024-02-28T08:00:00,-0.09
7281,23,2024-02-28T09:00:00,1.89
7282,23,2024-02-28T10:00:00,3.24
7283,23,2024-02-28T11:00:00,5.08
7284,23,2024-02-28T12:00:00,6.35
7285,23,2024-02-28T13:00:00,7.37
7286,23,2024-02-28T14:00:00,7.72
7287,23,2024-02-28T15:00:00,7.65
7288,23,2024-02-28T16:00:00,7.6
7289,23,2024-02-28T17:00:00,6.8
7290,23,2024-02-28T18:00:00,5.28
7291,23,2024-02-28T19:00:00,4.23
7292,23,2024-02-28T20:00:00,3.75
7293,23,2024-02-28T21:00:00,3.18
7294,23,2024-02-28T22:00:00,2.82
7295,23,2024-02-28T23:00:00,2.42
7296,23,2024-02-29T00:00:00,2.5
7297,23,2024-02-29T01:00:00,2.2
7298,23,2024-02-29T02:00:00,2.29
7299,23,2024-02-29T03:00:00,2.46
7300,23,2024-02-29T04:00:00,2.72
7301,23,2024-02-29T05:00:00,2.92
7302,23,2024-02-29T06:00:00,3.34
7303,23,2024-02-29T07:00:00,3.55
7304,23,2024-02-29T08:00:00,3.81
7305,23,2024-02-29T09:00:00,4.29
7306,23,2024-02-29T10:00:00,4.79
7307,23,2024-02-29T11:00:00,5.44
7308,23,2024-02-29T12:00:00,5.9
7309,23,2024-02-29T13:00:00,6.84
7310,23,2024-02-29T14:00:00,7.27
7311,23,2024-02-29T15:00:00,7.75
7312,23,2024-02-29T16:00:00,7.63
7313,23,2024-02-29T17:00:00,7.5
7314,23,2024-02-29T18:00:00,7.13
7315,23,2024-02-29T19:00:00,6.97
7316,23,2024-02-29T20:00:00,6.87
7317,23,2024-02-29T21:00:00,6.71
7318,23,2024-02-29T22:00:00,6.84
7319,23,2024-02-29T23:00:00,6.69
7320,23,2024-03-01T00:00:00,6.63
7321,23,2024-03-01T01:00:00,6.5
7322,23,2024-03-01T02:00:00,6.49
7323,23,2024-03-01T03:00:00,6.6
7324,23,2024-03-01T04:00:00,5.94
7325,23,2024-03-01T05:00:00,5.07
7326,23,2024-03-01T06:00:00,4.27
7327,23,2024-03-01T07:00:00,3.88
7328,23,2024-03-01T08:00:00,3.58
7329,23,2024-03-01T09:00:00,4.03
7330,23,2024-03-01T10:00:00,4.58
7331,23,2024-03-01T11:00:00,5.37
7332,23,2024-03-01T12:00:00,6.27
7333,23,2024-03-01T13:00:00,6.67
7334,23,2024-03-01T14:00:00,7.03
7335,23,2024-03-01T15:00:00,7.25
7336,23,2024-03-01T16:00:00,7.14
7337,23,2024-03-01T17:00:00,7.04
7338,23,2024-03-01T18:00:00,6.56
7339,23,2024-03-01T19:00:00,6.42
7340,23,2024-03-01T20:00:00,6.48
7341,23,2024-03-01T21:00:00,6.64
7342,23,2024-03-01T22:00:00,6.7
7343,23,2024-03-01T23:00:00,6.61
7344,23,2024-03-02T00:00:00,6.73
7345,23,2024-03-02T01:00:00,5.78
7346,23,2024-03-02T02:00:00,5.35
7347,23,2024-03-02T03:00:00,4.74
7348,23,2024-03-02T04:00:00,4.44
7349,23,2024-03-02T05:00:00,4.37
7350,23,2024-03-02T06:00:00,4.23
7351,23,2024-03-02T07:00:00,4.28
7352,23,2024-03-02T08:00:00,4.52
7353,23,2024-03-02T09:00:00,5.58
7354,23,2024-03-02T10:00:00,6.69
7355,23,2024-03-02T11:00:00,8.24
7356,23,2024-03-02T12:00:00,9.54
7357,23,2024-03-02T13:00:00,10.07
7358,23,2024-03-02T14:00:00,10.38
7359,23,2024-03-02T15:00:00,10.25
7360,23,2024-03-02T16:00:00,9.86
7361,23,2024-03-02T17:00:00,9.59
7362,23,2024-03-02T18:00:00,9.24
7363,23,2024-03-02T19:00:00,8.8
7364,23,2024-03-02T20:00:00,8.53
7365,23,2024-03-02T21:00:00,8.18
7366,23,2024-03-02T22:00:00,8.38
7367,23,2024-03-02T23:00:00,8.39
7368,23,2024-03-03T00:00:00,8.34
7369,23,2024-03-03T01:00:00,8.54
7370,23,2024-03-03T02:00:00,8.14
7371,23,2024-03-03T03:00:00,7.76
7372,23,2024-03-03T04:00:00,7.99
7373,23,2024-03-03T05:00:00,8.4
7374,23,2024-03-03T06:00:00,8.22
7375,23,2024-03-03T07:00:00,8.04
7376,23,2024-03-03T08:00:00,7.94
7377,23,2024-03-03T09:00:00,8.69
7378,23,2024-03-03T10:00:00,10.66
7379,23,2024-03-03T11:00:00,11.39
7380,23,2024-03-03T12:00:00,12.05
7381,23,2024-03-03T13:00:00,12.72
7382,23,2024-03-03T14:00:00,12.8
7383,23,2024-03-03T15:00:00,11.8
7384,23,2024-03-03T16:00:00,10.81
7385,23,2024-03-03T17:00:00,9.54
7386,23,2024-03-03T18:00:00,7.96
7387,23,2024-03-03T19:00:00,7.03
7388,23,2024-03-03T20:00:00,6.14
7389,23,2024-03-03T21:00:00,5.55
7390,23,2024-03-03T22:00:00,5.22
7391,23,2024-03-03T23:00:00,4.91
7392,23,2024-03-04T00:00:00,4.57
7393,23,2024-03-04T01:00:00,4.39
7394,23,2024-03-04T02:00:00,4.35
7395,23,2024-03-04T03:00:00,4.25
7396,23,2024-03-04T04:00:00,4.2
7397,23,2024-03-04T05:00:00,3.96
7398,23,2024-03-04T06:00:00,3.91
7399,23,2024-03-04T07:00:00,3.78
7400,23,2024-03-04T08:00:00,4.03
7401,23,2024-03-04T09:00:00,4.7
7402,23,2024-03-04T10:00:00,5.15
7403,23,2024-03-04T11:00:00,5.47
7404,23,2024-03-04T12:00:00,5.85
7405,23,2024-03-04T13:00:00,6.83
7406,23,2024-03-04T14:00:00,8.25
7407,23,2024-03-04T15:00:00,9.09
7408,23,2024-03-04T16:00:00,8.92
7409,23,2024-03-04T17:00:00,8.19
7410,23,2024-03-04T18:00:00,7.09
7411,23,2024-03-04T19:00:00,6.19
7412,23,2024-03-04T20:00:00,5.67
7413,23,2024-03-04T21:00:00,5.06
7414,23,2024-03-04T22:00:00,4.49
7415,23,2024-03-04T23:00:00,4.19
7416,23,2024-03-05T00:00:00,4.66
7417,23,2024-03-05T01:00:00,4.88
7418,23,2024-03-05T02:00:00,5.1
7419,23,2024-03-05T03:00:00,5.16
7420,23,2024-03-05T04:00:00,5.24
7421,23,2024-03-05T05:00:00,5.19
7422,23,2024-03-05T06:00:00,5.02
7423,23,2024-03-05T07:00:00,4.74
7424,23,2024-03-05T08:00:00,5.14
7425,23,2024-03-05T09:00:00,5.29
7426,23,2024-03-05T10:00:00,5.35
7427,23,2024-03-05T11:00:00,5.99
7428,23,2024-03-05T12:00:00,6.26
7429,23,2024-03-05T13:00:00,6.28
7430,23,2024-03-05T14:00:00,6.28
7431,23,2024-03-05T15:00:00,6.97
7432,23,2024-03-05T16:00:00,6.91
7433,23,2024-03-05T17:00:00,6.41
7434,23,2024-03-05T18:00:00,5.78
7435,23,2024-03-05T19:00:00,5.06
7436,23,2024-03-05T20:00:00,4.59
7437,23,2024-03-05T21:00:00,3.51
7438,23,2024-03-05T22:00:00,2.74
7439,23,2024-03-05T23:00:00,2.32
7440,23,2024-03-06T00:00:00,2.16
7441,23,2024-03-06T01:00:00,1.78
7442,23,2024-03-06T02:00:00,1.47
7443,23,2024-03-06T03:00:00,0.82
7444,23,2024-03-06T04:00:00,0.28
7445,23,2024-03-06T05:00:00,0.0
7446,23,2024-03-06T06:00:00,-0.12
7447,23,2024-03-06T07:00:00,-0.07
7448,23,2024-03-06T08:00:00,1.32
7449,23,2024-03-06T09:00:00,4.61
7450,23,2024-03-06T10:00:00,6.47
7451,23,2024-03-06T11:00:00,7.47
7452,23,2024-03-06T12:00:00,8.12
7453,23,2024-03-06T13:00:00,8.01
7454,23,2024-03-06T14:00:00,8.24
7455,23,2024-03-06T15:00:00,8.96
7456,23,2024-03-06T16:00:00,8.81
7457,23,2024-03-06T17:00:00,8.12
7458,23,2024-03-06T18:00:00,6.82
7459,23,2024-03-06T19:00:00,5.49
7460,23,2024-03-06T20:00:00,4.61
7461,23,2024-03-06T21:00:00,4.05
7462,23,2024-03-06T22:00:00,4.26
7463,23,2024-03-06T23:00:00,4.25
7464,23,2024-03-07T00:00:00,3.89
7465,23,2024-03-07T01:00:00,3.26
7466,23,2024-03-07T02:00:00,2.9
7467,23,2024-03-07T03:00:00,2.61
7468,23,2024-03-07T04:00:00,2.64
7469,23,2024-03-07T05:00:00,2.23
7470,23,2024-03-07T06:00:00,1.37
7471,23,2024-03-07T07:00:00,1.88
7472,23,2024-03-07T08:00:00,2.71
7473,23,2024-03-07T09:00:00,4.2
7474,23,2024-03-07T10:00:00,5.67
7475,23,2024-03-07T11:00:00,6.12
7476,23,2024-03-07T12:00:00,7.05
7477,23,2024-03-07T13:00:00,7.83
7478,23,2024-03-07T14:00:00,7.86
7479,23,2024-03-07T15:00:00,7.94
7480,23,2024-03-07T16:00:00,7.47
7481,23,2024-03-07T17:00:00,6.47
7482,23,2024-03-07T18:00:00,5.48
7483,23,2024-03-07T19:00:00,4.59
7484,23,2024-03-07T20:00:00,3.91
7485,23,2024-03-07T21:00:00,3.34
7486,23,2024-03-07T22:00:00,3.06
7487,23,2024-03-07T23:00:00,2.52
7488,23,2024-03-08T00:00:00,2.28
7489,23,2024-03-08T01:00:00,1.86
7490,23,2024-03-08T02:00:00,1.46
7491,23,2024-03-08T03:00:00,1.04
7492,23,2024-03-08T04:00:00,0.65
7493,23,2024-03-08T05:00:00,0.32
7494,23,2024-03-08T06:00:00,0.3
7495,23,2024-03-08T07:00:00,0.53
7496,23,2024-03-08T08:00:00,1.67
7497,23,2024-03-08T09:00:00,3.34
7498,23,2024-03-08T10:00:00,5.12
7499,23,2024-03-08T11:00:00,6.64
7500,23,2024-03-08T12:00:00,8.0
7501,23,2024-03-08T13:00:00,9.21
7502,23,2024-03-08T14:00:00,9.96
7503,23,2024-03-08T15:00:00,10.15
7504,23,2024-03-08T16:00:00,9.49
7505,23,2024-03-08T17:00:00,8.09
7506,23,2024-03-08T18:00:00,6.42
7507,23,2024-03-08T19:00:00,5.47
7508,23,2024-03-08T20:00:00,5.06
7509,23,2024-03-08T21:00:00,5.09
7510,23,2024-03-08T22:00:00,5.37
7511,23,2024-03-08T23:00:00,5.18
7512,23,2024-03-09T00:00:00,5.03
7513,23,2024-03-09T01:00:00,4.76
7514,23,2024-03-09T02:00:00,4.98
7515,23,2024-03-09T03:00:00,5.11
7516,23,2024-03-09T04:00:00,5.27
7517,23,2024-03-09T05:00:00,4.9
7518,23,2024-03-09T06:00:00,4.52
7519,23,2024-03-09T07:00:00,4.4
7520,23,2024-03-09T08:00:00,5.98
7521,23,2024-03-09T09:00:00,7.54
7522,23,2024-03-09T10:00:00,8.36
7523,23,2024-03-09T11:00:00,9.39
7524,23,2024-03-09T12:00:00,10.33
7525,23,2024-03-09T13:00:00,11.08
7526,23,2024-03-09T14:00:00,12.0
7527,23,2024-03-09T15:00:00,12.09
7528,23,2024-03-09T16:00:00,11.48
7529,23,2024-03-09T17:00:00,10.74
7530,23,2024-03-09T18:00:00,9.66
7531,23,2024-03-09T19:00:00,9.24
7532,23,2024-03-09T20:00:00,8.66
7533,23,2024-03-09T21:00:00,8.49
7534,23,2024-03-09T22:00:00,8.51
7535,23,2024-03-09T23:00:00,8.44
7536,23,2024-03-10T00:00:00,8.29
7537,23,2024-03-10T01:00:00,8.32
7538,23,2024-03-10T02:00:00,8.46
7539,23,2024-03-10T03:00:00,8.56
7540,23,2024-03-10T04:00:00,8.43
7541,23,2024-03-10T05:00:00,8.19
7542,23,2024-03-10T06:00:00,8.16
7543,23,2024-03-10T07:00:00,7.76
7544,23,2024-03-10T08:00:00,8.15
7545,23,2024-03-10T09:00:00,8.59
7546,23,2024-03-10T10:00:00,9.58
7547,23,2024-03-10T11:00:00,10.59
7548,23,2024-03-10T12:00:00,11.05
7549,23,2024-03-10T13:00:00,11.89
7550,23,2024-03-10T14:00:00,12.0
7551,23,2024-03-10T15:00:00,10.96
7552,23,2024-03-10T16:00:00,9.93
7553,23,2024-03-10T17:00:00,9.23
7554,23,2024-03-10T18:00:00,8.36
7555,23,2024-03-10T19:00:00,7.58
7556,23,2024-03-10T20:00:00,6.91
7557,23,2024-03-10T21:00:00,6.81
7558,23,2024-03-10T22:00:00,6.79
7559,23,2024-03-10T23:00:00,6.6
7560,23,2024-03-11T00:00:00,6.43
7561,23,2024-03-11T01:00:00,6.12
7562,23,2024-03-11T02:00:00,5.89
7563,23,2024-03-11T03:00:00,5.77
7564,23,2024-03-11T04:00:00,5.67
7565,23,2024-03-11T05:00:00,5.54
7566,23,2024-03-11T06:00:00,5.1
7567,23,2024-03-11T07:00:00,5.13
7568,23,2024-03-11T08:00:00,5.16
7569,23,2024-03-11T09:00:00,5.37
7570,23,2024-03-11T10:00:00,5.72
7571,23,2024-03-11T11:00:00,5.92
7572,23,2024-03-11T12:00:00,6.23
7573,23,2024-03-11T13:00:00,6.26
7574,23,2024-03-11T14:00:00,6.51
7575,23,2024-03-11T15:00:00,6.66
7576,23,2024-03-11T16:00:00,6.61
7577,23,2024-03-11T17:00:00,6.49
7578,23,2024-03-11T18:00:00,6.08
7579,23,2024-03-11T19:00:00,5.83
7580,23,2024-03-11T20:00:00,5.7
7581,23,2024-03-11T21:00:00,5.59
7582,23,2024-03-11T22:00:00,5.57
7583,23,2024-03-11T23:00:00,5.35
7584,23,2024-03-12T00:00:00,5.23
7585,23,2024-03-12T01:00:00,5.32
7586,23,2024-03-12T02:00:00,5.26
7587,23,2024-03-12T03:00:00,5.12
7588,23,2024-03-12T04:00:00,4.82
7589,23,2024-03-12T05:00:00,4.64
7590,23,2024-03-12T06:00:00,4.47
7591,23,2024-03-12T07:00:00,4.41
7592,23,2024-03-12T08:00:00,4.52
7593,23,2024-03-12T09:00:00,4.73
7594,23,2024-03-12T10:00:00,5.12
7595,23,2024-03-12T11:00:00,5.72
7596,23,2024-03-12T12:00:00,6.02
7597,23,2024-03-12T13:00:00,6.87
7598,23,2024-03-12T14:00:00,7.13
7599,23,2024-03-12T15:00:00,6.8
7600,23,2024-03-12T16:00:00,6.24
7601,23,2024-03-12T17:00:00,5.96
7602,23,2024-03-12T18:00:00,5.85
7603,23,2024-03-12T19:00:00,5.9
7604,23,2024-03-12T20:00:00,6.12
7605,23,2024-03-12T21:00:00,6.42
7606,23,2024-03-12T22:00:00,6.79
7607,23,2024-03-12T23:00:00,7.35
7608,23,2024-03-13T00:00:00,7.97
7609,23,2024-03-13T01:00:00,8.62
7610,23,2024-03-13T02:00:00,8.75
7611,23,2024-03-13T03:00:00,8.77
7612,23,2024-03-13T04:00:00,8.74
7613,23,2024-03-13T05:00:00,8.61
7614,23,2024-03-13T06:00:00,8.43
7615,23,2024-03-13T07:00:00,8.45
7616,23,2024-03-13T08:00:00,8.57
7617,23,2024-03-13T09:00:00,8.82
7618,23,2024-03-13T10:00:00,9.12
7619,23,2024-03-13T11:00:00,9.6
7620,23,2024-03-13T12:00:00,9.85
7621,23,2024-03-13T13:00:00,10.0
7622,23,2024-03-13T14:00:00,10.12
7623,23,2024-03-13T15:00:00,10.15
7624,23,2024-03-13T16:00:00,10.01
7625,23,2024-03-13T17:00:00,9.76
7626,23,2024-03-13T18:00:00,9.56
7627,23,2024-03-13T19:00:00,9.4
7628,23,2024-03-13T20:00:00,9.23
7629,23,2024-03-13T21:00:00,8.81
7630,23,2024-03-13T22:00:00,8.52
7631,23,2024-03-13T23:00:00,8.28
7632,23,2024-03-14T00:00:00,8.13
7633,23,2024-03-14T01:00:00,7.77
7634,23,2024-03-14T02:00:00,7.24
7635,23,2024-03-14T03:00:00,6.85
7636,23,2024-03-14T04:00:00,6.31
7637,23,2024-03-14T05:00:00,6.03
7638,23,2024-03-14T06:00:00,5.67
7639,23,2024-03-14T07:00:00,5.93
7640,23,2024-03-14T08:00:00,7.14
7641,23,2024-03-14T09:00:00,8.34
7642,23,2024-03-14T10:00:00,9.41
7643,23,2024-03-14T11:00:00,11.18
7644,23,2024-03-14T12:00:00,12.94
7645,23,2024-03-14T13:00:00,14.18
7646,23,2024-03-14T14:00:00,15.14
7647,23,2024-03-14T15:00:00,14.93
7648,23,2024-03-14T16:00:00,14.61
7649,23,2024-03-14T17:00:00,13.56
7650,23,2024-03-14T18:00:00,12.43
7651,23,2024-03-14T19:00:00,11.46
7652,23,2024-03-14T20:00:00,10.82
7653,23,2024-03-14T21:00:00,10.81
7654,23,2024-03-14T22:00:00,10.61
7655,23,2024-03-14T23:00:00,10.12
7656,23,2024-03-15T00:00:00,10.13
7657,23,2024-03-15T01:00:00,9.92
7658,23,2024-03-15T02:00:00,9.84
7659,23,2024-03-15T03:00:00,9.73
7660,23,2024-03-15T04:00:00,9.67
7661,23,2024-03-15T05:00:00,9.6
7662,23,2024-03-15T06:00:00,9.68
7663,23,2024-03-15T07:00:00,9.53
7664,23,2024-03-15T08:00:00,9.94
7665,23,2024-03-15T09:00:00,10.63
7666,23,2024-03-15T10:00:00,11.17
7667,23,2024-03-15T11:00:00,11.92
7668,23,2024-03-15T12:00:00,12.1
7669,23,2024-03-15T13:00:00,12.47
7670,23,2024-03-15T14:00:00,12.0
7671,23,2024-03-15T15:00:00,11.46
7672,23,2024-03-15T16:00:00,10.93
7673,23,2024-03-15T17:00:00,9.37
7674,23,2024-03-15T18:00:00,9.24
7675,23,2024-03-15T19:00:00,8.89
7676,23,2024-03-15T20:00:00,8.62
7677,23,2024-03-15T21:00:00,8.61
7678,23,2024-03-15T22:00:00,8.55
7679,23,2024-03-15T23:00:00,7.72
7680,23,2024-03-16T00:00:00,7.7
7681,23,2024-03-16T01:00:00,8.08
7682,23,2024-03-16T02:00:00,8.33
7683,23,2024-03-16T03:00:00,8.35
7684,23,2024-03-16T04:00:00,8.16
7685,23,2024-03-16T05:00:00,8.0
7686,23,2024-03-16T06:00:00,7.55
7687,23,2024-03-16T07:00:00,7.04
7688,23,2024-03-16T08:00:00,6.19
7689,23,2024-03-16T09:00:00,6.27
7690,23,2024-03-16T10:00:00,6.29
7691,23,2024-03-16T11:00:00,6.54
7692,23,2024-03-16T12:00:00,6.71
7693,23,2024-03-16T13:00:00,6.57
7694,23,2024-03-16T14:00:00,6.74
7695,23,2024-03-16T15:00:00,6.95
7696,23,2024-03-16T16:00:00,7.07
7697,23,2024-03-16T17:00:00,6.9
7698,23,2024-03-16T18:00:00,6.48
7699,23,2024-03-16T19:00:00,5.89
7700,23,2024-03-16T20:00:00,4.75
7701,23,2024-03-16T21:00:00,3.96
7702,23,2024-03-16T22:00:00,3.11
7703,23,2024-03-16T23:00:00,2.63
7704,23,2024-03-17T00:00:00,3.07
7705,23,2024-03-17T01:00:00,3.25
7706,23,2024-03-17T02:00:00,2.79
7707,23,2024-03-17T03:00:00,3.2
7708,23,2024-03-17T04:00:00,3.67
7709,23,2024-03-17T05:00:00,3.59
7710,23,2024-03-17T06:00:00,3.66
7711,23,2024-03-17T07:00:00,4.3
7712,23,2024-03-17T08:00:00,5.66
7713,23,2024-03-17T09:00:00,7.67
7714,23,2024-03-17T10:00:00,9.29
7715,23,2024-03-17T11:00:00,9.95
7716,23,2024-03-17T12:00:00,10.15
7717,23,2024-03-17T13:00:00,10.76
7718,23,2024-03-17T14:00:00,11.91
7719,23,2024-03-17T15:00:00,12.01
7720,23,2024-03-17T16:00:00,11.21
7721,23,2024-03-17T17:00:00,10.67
7722,23,2024-03-17T18:00:00,10.04
7723,23,2024-03-17T19:00:00,9.53
7724,23,2024-03-17T20:00:00,9.45
7725,23,2024-03-17T21:00:00,8.94
7726,23,2024-03-17T22:00:00,8.73
7727,23,2024-03-17T23:00:00,8.74
7728,23,2024-03-18T00:00:00,8.72
7729,23,2024-03-18T01:00:00,8.56
7730,23,2024-03-18T02:00:00,8.41
7731,23,2024-03-18T03:00:00,8.1
7732,23,2024-03-18T04:00:00,7.77
7733,23,2024-03-18T05:00:00,7.93
7734,23,2024-03-18T06:00:00,7.9
7735,23,2024-03-18T07:00:00,8.02
7736,23,2024-03-18T08:00:00,8.83
7737,23,2024-03-18T09:00:00,9.63
7738,23,2024-03-18T10:00:00,10.33
7739,23,2024-03-18T11:00:00,10.7
7740,23,2024-03-18T12:00:00,11.5
7741,23,2024-03-18T13:00:00,12.29
7742,23,2024-03-18T14:00:00,12.64
7743,23,2024-03-18T15:00:00,12.41
7744,23,2024-03-18T16:00:00,12.47
7745,23,2024-03-18T17:00:00,11.83
7746,23,2024-03-18T18:00:00,10.43
7747,23,2024-03-18T19:00:00,8.77
7748,23,2024-03-18T20:00:00,8.32
7749,23,2024-03-18T21:00:00,7.96
7750,23,2024-03-18T22:00:00,7.52
7751,23,2024-03-18T23:00:00,6.63
7752,23,2024-03-19T00:00:00,5.71
7753,23,2024-03-19T01:00:00,5.21
7754,23,2024-03-19T02:00:00,5.39
7755,23,2024-03-19T03:00:00,5.98
7756,23,2024-03-19T04:00:00,6.21
7757,23,2024-03-19T05:00:00,6.63
7758,23,2024-03-19T06:00:00,6.68
7759,23,2024-03-19T07:00:00,7.2
7760,23,2024-03-19T08:00:00,8.35
7761,23,2024-03-19T09:00:00,9.93
7762,23,2024-03-19T10:00:00,11.89
7763,23,2024-03-19T11:00:00,13.24
7764,23,2024-03-19T12:00:00,13.85
7765,23,2024-03-19T13:00:00,14.34
7766,23,2024-03-19T14:00:00,15.03
7767,23,2024-03-19T15:00:00,15.07
7768,23,2024-03-19T16:00:00,14.57
7769,23,2024-03-19T17:00:00,14.06
7770,23,2024-03-19T18:00:00,12.9
7771,23,2024-03-19T19:00:00,10.84
7772,23,2024-03-19T20:00:00,9.75
7773,23,2024-03-19T21:00:00,8.91
7774,23,2024-03-19T22:00:00,7.91
7775,23,2024-03-19T23:00:00,7.2
7776,23,2024-03-20T00:00:00,6.68
7777,23,2024-03-20T01:00:00,6.5
7778,23,2024-03-20T02:00:00,6.57
7779,23,2024-03-20T03:00:00,6.08
7780,23,2024-03-20T04:00:00,5.92
7781,23,2024-03-20T05:00:00,5.53
7782,23,2024-03-20T06:00:00,5.54
7783,23,2024-03-20T07:00:00,5.66
7784,23,2024-03-20T08:00:00,8.29
7785,23,2024-03-20T09:00:00,10.83
7786,23,2024-03-20T10:00:00,13.33
7787,23,2024-03-20T11:00:00,14.9
7788,23,2024-03-20T12:00:00,15.96
7789,23,2024-03-20T13:00:00,16.35
7790,23,2024-03-20T14:00:00,16.55
7791,23,2024-03-20T15:00:00,16.38
7792,23,2024-03-20T16:00:00,15.74
7793,23,2024-03-20T17:00:00,15.03
7794,23,2024-03-20T18:00:00,13.46
7795,23,2024-03-20T19:00:00,11.73
7796,23,2024-03-20T20:00:00,10.56
7797,23,2024-03-20T21:00:00,9.33
7798,23,2024-03-20T22:00:00,8.11
7799,23,2024-03-20T23:00:00,7.57
7800,23,2024-03-21T00:00:00,7.13
7801,23,2024-03-21T01:00:00,7.08
7802,23,2024-03-21T02:00:00,7.3
7803,23,2024-03-21T03:00:00,7.6
7804,23,2024-03-21T04:00:00,7.15
7805,23,2024-03-21T05:00:00,6.94
7806,23,2024-03-21T06:00:00,6.19
7807,23,2024-03-21T07:00:00,6.77
7808,23,2024-03-21T08:00:00,7.39
7809,23,2024-03-21T09:00:00,8.14
7810,23,2024-03-21T10:00:00,8.62
7811,23,2024-03-21T11:00:00,9.08
7812,23,2024-03-21T12:00:00,9.35
7813,23,2024-03-21T13:00:00,10.11
7814,23,2024-03-21T14:00:00,10.88
7815,23,2024-03-21T15:00:00,11.23
7816,23,2024-03-21T16:00:00,11.1
7817,23,2024-03-21T17:00:00,10.57
7818,23,2024-03-21T18:00:00,9.63
7819,23,2024-03-21T19:00:00,8.78
7820,23,2024-03-21T20:00:00,8.33
7821,23,2024-03-21T21:00:00,8.28
7822,23,2024-03-21T22:00:00,8.27
7823,23,2024-03-21T23:00:00,8.44
7824,23,2024-03-22T00:00:00,8.56
7825,23,2024-03-22T01:00:00,8.76
7826,23,2024-03-22T02:00:00,8.95
7827,23,2024-03-22T03:00:00,9.21
7828,23,2024-03-22T04:00:00,9.16
7829,23,2024-03-22T05:00:00,9.23
7830,23,2024-03-22T06:00:00,9.32
7831,23,2024-03-22T07:00:00,9.55
7832,23,2024-03-22T08:00:00,9.98
7833,23,2024-03-22T09:00:00,10.29
7834,23,2024-03-22T10:00:00,10.76
7835,23,2024-03-22T11:00:00,11.6
7836,23,2024-03-22T12:00:00,12.1
7837,23,2024-03-22T13:00:00,12.85
7838,23,2024-03-22T14:00:00,13.53
7839,23,2024-03-22T15:00:00,13.26
7840,23,2024-03-22T16:00:00,12.69
7841,23,2024-03-22T17:00:00,11.98
7842,23,2024-03-22T18:00:00,10.3
7843,23,2024-03-22T19:00:00,8.91
7844,23,2024-03-22T20:00:00,8.05
7845,23,2024-03-22T21:00:00,7.83
7846,23,2024-03-22T22:00:00,7.64
7847,23,2024-03-22T23:00:00,7.19
7848,23,2024-03-23T00:00:00,6.14
7849,23,2024-03-23T01:00:00,5.02
7850,23,2024-03-23T02:00:00,4.19
7851,23,2024-03-23T03:00:00,3.13
7852,23,2024-03-23T04:00:00,2.9
7853,23,2024-03-23T05:00:00,2.9
7854,23,2024-03-23T06:00:00,3.05
7855,23,2024-03-23T07:00:00,3.61
7856,23,2024-03-23T08:00:00,3.77
7857,23,2024-03-23T09:00:00,4.46
7858,23,2024-03-23T10:00:00,4.95
7859,23,2024-03-23T11:00:00,5.43
7860,23,2024-03-23T12:00:00,5.3
7861,23,2024-03-23T13:00:00,5.37
7862,23,2024-03-23T14:00:00,5.06
7863,23,2024-03-23T15:00:00,4.57
7864,23,2024-03-23T16:00:00,3.83
7865,23,2024-03-23T17:00:00,3.67
7866,23,2024-03-23T18:00:00,3.26
7867,23,2024-03-23T19:00:00,2.68
7868,23,2024-03-23T20:00:00,2.8
7869,23,2024-03-23T21:00:00,2.47
7870,23,2024-03-23T22:00:00,2.29
7871,23,2024-03-23T23:00:00,2.43
7872,23,2024-03-24T00:00:00,2.5
7873,23,2024-03-24T01:00:00,2.43
7874,23,2024-03-24T02:00:00,2.39
7875,23,2024-03-24T03:00:00,2.34
7876,23,2024-03-24T04:00:00,2.42
7877,23,2024-03-24T05:00:00,2.65
7878,23,2024-03-24T06:00:00,2.76
7879,23,2024-03-24T07:00:00,2.75
7880,23,2024-03-24T08:00:00,3.1
7881,23,2024-03-24T09:00:00,3.75
7882,23,2024-03-24T10:00:00,4.48
7883,23,2024-03-24T11:00:00,5.47
7884,23,2024-03-24T12:00:00,5.92
7885,23,2024-03-24T13:00:00,5.91
7886,23,2024-03-24T14:00:00,5.93
7887,23,2024-03-24T15:00:00,5.35
7888,23,2024-03-24T16:00:00,5.48
7889,23,2024-03-24T17:00:00,5.33
7890,23,2024-03-24T18:00:00,4.84
7891,23,2024-03-24T19:00:00,4.48
7892,23,2024-03-24T20:00:00,3.98
7893,23,2024-03-24T21:00:00,3.71
7894,23,2024-03-24T22:00:00,3.2
7895,23,2024-03-24T23:00:00,2.97
7896,23,2024-03-25T00:00:00,2.56
7897,23,2024-03-25T01:00:00,2.06
7898,23,2024-03-25T02:00:00,1.58
7899,23,2024-03-25T03:00:00,1.14
7900,23,2024-03-25T04:00:00,0.94
7901,23,2024-03-25T05:00:00,0.36
7902,23,2024-03-25T06:00:00,0.3
7903,23,2024-03-25T07:00:00,0.94
7904,23,2024-03-25T08:00:00,2.41
7905,23,2024-03-25T09:00:00,4.14
7906,23,2024-03-25T10:00:00,5.79
7907,23,2024-03-25T11:00:00,7.8
7908,23,2024-03-25T12:00:00,8.73
7909,23,2024-03-25T13:00:00,9.09
7910,23,2024-03-25T14:00:00,9.49
7911,23,2024-03-25T15:00:00,9.79
7912,23,2024-03-25T16:00:00,9.59
7913,23,2024-03-25T17:00:00,8.77
7914,23,2024-03-25T18:00:00,7.51
7915,23,2024-03-25T19:00:00,6.5
7916,23,2024-03-25T20:00:00,5.82
7917,23,2024-03-25T21:00:00,5.32
7918,23,2024-03-25T22:00:00,5.01
7919,23,2024-03-25T23:00:00,5.15
7920,23,2024-03-26T00:00:00,5.02
7921,23,2024-03-26T01:00:00,4.65
7922,23,2024-03-26T02:00:00,4.52
7923,23,2024-03-26T03:00:00,4.5
7924,23,2024-03-26T04:00:00,4.37
7925,23,2024-03-26T05:00:00,4.14
7926,23,2024-03-26T06:00:00,4.32
7927,23,2024-03-26T07:00:00,4.81
7928,23,2024-03-26T08:00:00,5.93
7929,23,2024-03-26T09:00:00,7.25
7930,23,2024-03-26T10:00:00,8.77
7931,23,2024-03-26T11:00:00,9.87
7932,23,2024-03-26T12:00:00,10.83
7933,23,2024-03-26T13:00:00,11.82
7934,23,2024-03-26T14:00:00,12.79
7935,23,2024-03-26T15:00:00,13.43
7936,23,2024-03-26T16:00:00,12.88
7937,23,2024-03-26T17:00:00,12.19
7938,23,2024-03-26T18:00:00,11.32
7939,23,2024-03-26T19:00:00,10.78
7940,23,2024-03-26T20:00:00,10.25
7941,23,2024-03-26T21:00:00,9.66
7942,23,2024-03-26T22:00:00,9.29
7943,23,2024-03-26T23:00:00,8.88
7944,23,2024-03-27T00:00:00,8.53
7945,23,2024-03-27T01:00:00,8.29
7946,23,2024-03-27T02:00:00,8.05
7947,23,2024-03-27T03:00:00,7.12
7948,23,2024-03-27T04:00:00,6.46
7949,23,2024-03-27T05:00:00,5.86
7950,23,2024-03-27T06:00:00,5.54
7951,23,2024-03-27T07:00:00,5.36
7952,23,2024-03-27T08:00:00,5.37
7953,23,2024-03-27T09:00:00,5.18
7954,23,2024-03-27T10:00:00,5.49
7955,23,2024-03-27T11:00:00,5.86
7956,23,2024-03-27T12:00:00,6.14
7957,23,2024-03-27T13:00:00,7.34
7958,23,2024-03-27T14:00:00,7.77
7959,23,2024-03-27T15:00:00,7.85
7960,23,2024-03-27T16:00:00,7.93
7961,23,2024-03-27T17:00:00,7.77
7962,23,2024-03-27T18:00:00,7.09
7963,23,2024-03-27T19:00:00,6.12
7964,23,2024-03-27T20:00:00,5.61
7965,23,2024-03-27T21:00:00,5.18
7966,23,2024-03-27T22:00:00,4.72
7967,23,2024-03-27T23:00:00,4.59
7968,23,2024-03-28T00:00:00,4.63
7969,23,2024-03-28T01:00:00,4.55
7970,23,2024-03-28T02:00:00,4.25
7971,23,2024-03-28T03:00:00,4.48
7972,23,2024-03-28T04:00:00,4.3
7973,23,2024-03-28T05:00:00,4.1
7974,23,2024-03-28T06:00:00,4.35
7975,23,2024-03-28T07:00:00,4.27
7976,23,2024-03-28T08:00:00,4.48
7977,23,2024-03-28T09:00:00,5.16
7978,23,2024-03-28T10:00:00,6.17
7979,23,2024-03-28T11:00:00,7.1
7980,23,2024-03-28T12:00:00,7.42
7981,23,2024-03-28T13:00:00,7.99
7982,23,2024-03-28T14:00:00,8.26
7983,23,2024-03-28T15:00:00,8.2
7984,23,2024-03-28T16:00:00,8.97
7985,23,2024-03-28T17:00:00,9.2
7986,23,2024-03-28T18:00:00,8.4
7987,23,2024-03-28T19:00:00,7.73
7988,23,2024-03-28T20:00:00,7.36
7989,23,2024-03-28T21:00:00,6.99
7990,23,2024-03-28T22:00:00,6.56
7991,23,2024-03-28T23:00:00,6.36
7992,23,2024-03-29T00:00:00,6.0
7993,23,2024-03-29T01:00:00,6.31
7994,23,2024-03-29T02:00:00,6.71
7995,23,2024-03-29T03:00:00,6.08
7996,23,2024-03-29T04:00:00,5.3
7997,23,2024-03-29T05:00:00,5.62
7998,23,2024-03-29T06:00:00,6.09
7999,23,2024-03-29T07:00:00,6.77
8000,23,2024-03-29T08:00:00,7.64
8001,23,2024-03-29T09:00:00,8.72
8002,23,2024-03-29T10:00:00,9.44
8003,23,2024-03-29T11:00:00,10.2
8004,23,2024-03-29T12:00:00,10.62
8005,23,2024-03-29T13:00:00,11.1
8006,23,2024-03-29T14:00:00,11.55
8007,23,2024-03-29T15:00:00,11.43
8008,23,2024-03-29T16:00:00,10.77
8009,23,2024-03-29T17:00:00,10.27
8010,23,2024-03-29T18:00:00,9.56
8011,23,2024-03-29T19:00:00,8.78
8012,23,2024-03-29T20:00:00,8.26
8013,23,2024-03-29T21:00:00,8.02
8014,23,2024-03-29T22:00:00,7.87
8015,23,2024-03-29T23:00:00,7.63
8016,23,2024-03-30T00:00:00,7.38
8017,23,2024-03-30T01:00:00,7.27
8018,23,2024-03-30T02:00:00,7.24
8019,23,2024-03-30T03:00:00,7.48
8020,23,2024-03-30T04:00:00,7.73
8021,23,2024-03-30T05:00:00,7.74
8022,23,2024-03-30T06:00:00,8.13
8023,23,2024-03-30T07:00:00,9.24
8024,23,2024-03-30T08:00:00,10.29
8025,23,2024-03-30T09:00:00,11.3
8026,23,2024-03-30T10:00:00,11.51
8027,23,2024-03-30T11:00:00,11.03
8028,23,2024-03-30T12:00:00,10.89
8029,23,2024-03-30T13:00:00,10.18
8030,23,2024-03-30T14:00:00,10.12
8031,23,2024-03-30T15:00:00,9.6
8032,23,2024-03-30T16:00:00,8.95
8033,23,2024-03-30T17:00:00,8.43
8034,23,2024-03-30T18:00:00,8.01
8035,23,2024-03-30T19:00:00,7.43
8036,23,2024-03-30T20:00:00,6.92
8037,23,2024-03-30T21:00:00,6.77
8038,23,2024-03-30T22:00:00,6.78
8039,23,2024-03-30T23:00:00,6.64
8040,23,2024-03-31T00:00:00,6.33
8041,23,2024-03-31T01:00:00,6.14
8042,23,2024-03-31T02:00:00,6.77
8043,23,2024-03-31T03:00:00,7.33
8044,23,2024-03-31T04:00:00,7.54
8045,23,2024-03-31T05:00:00,7.31
8046,23,2024-03-31T06:00:00,7.14
8047,23,2024-03-31T07:00:00,7.86
8048,23,2024-03-31T08:00:00,9.86
8049,23,2024-03-31T09:00:00,11.96
8050,23,2024-03-31T10:00:00,13.13
8051,23,2024-03-31T11:00:00,13.04
8052,23,2024-03-31T12:00:00,12.81
8053,23,2024-03-31T13:00:00,13.32
8054,23,2024-03-31T14:00:00,13.27
8055,23,2024-03-31T15:00:00,11.99
8056,23,2024-03-31T16:00:00,11.5
8057,23,2024-03-31T17:00:00,11.25
8058,23,2024-03-31T18:00:00,10.85
8059,23,2024-03-31T19:00:00,9.97
8060,23,2024-03-31T20:00:00,9.29
8061,23,2024-03-31T21:00:00,8.93
8062,23,2024-03-31T22:00:00,8.32
8063,23,2024-03-31T23:00:00,7.75
8064,23,2024-04-01T00:00:00,7.1
8065,23,2024-04-01T01:00:00,6.6
8066,23,2024-04-01T02:00:00,6.71
8067,23,2024-04-01T03:00:00,6.62
8068,23,2024-04-01T04:00:00,6.43
8069,23,2024-04-01T05:00:00,6.4
8070,23,2024-04-01T06:00:00,6.59
8071,23,2024-04-01T07:00:00,6.84
8072,23,2024-04-01T08:00:00,7.0
8073,23,2024-04-01T09:00:00,6.97
8074,23,2024-04-01T10:00:00,7.52
8075,23,2024-04-01T11:00:00,7.99
8076,23,2024-04-01T12:00:00,8.56
8077,23,2024-04-01T13:00:00,9.49
8078,23,2024-04-01T14:00:00,10.29
8079,23,2024-04-01T15:00:00,10.67
8080,23,2024-04-01T16:00:00,10.93
8081,23,2024-04-01T17:00:00,10.57
8082,23,2024-04-01T18:00:00,9.77
8083,23,2024-04-01T19:00:00,8.4
8084,23,2024-04-01T20:00:00,7.47
8085,23,2024-04-01T21:00:00,6.76
8086,23,2024-04-01T22:00:00,6.09
8087,23,2024-04-01T23:00:00,5.92
8088,23,2024-04-02T00:00:00,6.06
8089,23,2024-04-02T01:00:00,6.34
8090,23,2024-04-02T02:00:00,6.32
8091,23,2024-04-02T03:00:00,6.43
8092,23,2024-04-02T04:00:00,6.6
8093,23,2024-04-02T05:00:00,6.65
8094,23,2024-04-02T06:00:00,6.54
8095,23,2024-04-02T07:00:00,6.75
8096,23,2024-04-02T08:00:00,6.96
8097,23,2024-04-02T09:00:00,7.34
8098,23,2024-04-02T10:00:00,7.83
8099,23,2024-04-02T11:00:00,8.18
8100,23,2024-04-02T12:00:00,8.18
8101,23,2024-04-02T13:00:00,8.73
8102,23,2024-04-02T14:00:00,9.02
8103,23,2024-04-02T15:00:00,9.57
8104,23,2024-04-02T16:00:00,9.96
8105,23,2024-04-02T17:00:00,10.15
8106,23,2024-04-02T18:00:00,9.73
8107,23,2024-04-02T19:00:00,8.4
8108,23,2024-04-02T20:00:00,8.31
8109,23,2024-04-02T21:00:00,8.66
8110,23,2024-04-02T22:00:00,8.48
8111,23,2024-04-02T23:00:00,8.24
8112,23,2024-04-03T00:00:00,8.1
8113,23,2024-04-03T01:00:00,7.96
8114,23,2024-04-03T02:00:00,7.85
8115,23,2024-04-03T03:00:00,7.82
8116,23,2024-04-03T04:00:00,7.57
8117,23,2024-04-03T05:00:00,7.45
8118,23,2024-04-03T06:00:00,7.4
8119,23,2024-04-03T07:00:00,7.47
8120,23,2024-04-03T08:00:00,7.71
8121,23,2024-04-03T09:00:00,8.15
8122,23,2024-04-03T10:00:00,8.61
8123,23,2024-04-03T11:00:00,9.09
8124,23,2024-04-03T12:00:00,9.49
8125,23,2024-04-03T13:00:00,10.13
8126,23,2024-04-03T14:00:00,11.14
8127,23,2024-04-03T15:00:00,11.82
8128,23,2024-04-03T16:00:00,11.26
8129,23,2024-04-03T17:00:00,11.0
8130,23,2024-04-03T18:00:00,10.6
8131,23,2024-04-03T19:00:00,9.86
8132,23,2024-04-03T20:00:00,9.13
8133,23,2024-04-03T21:00:00,8.14
8134,23,2024-04-03T22:00:00,6.92
8135,23,2024-04-03T23:00:00,6.78
8136,23,2024-04-04T00:00:00,7.1
8137,23,2024-04-04T01:00:00,8.03
8138,23,2024-04-04T02:00:00,8.72
8139,23,2024-04-04T03:00:00,9.19
8140,23,2024-04-04T04:00:00,9.7
8141,23,2024-04-04T05:00:00,9.91
8142,23,2024-04-04T06:00:00,9.97
8143,23,2024-04-04T07:00:00,9.96
8144,23,2024-04-04T08:00:00,9.35
8145,23,2024-04-04T09:00:00,9.65
8146,23,2024-04-04T10:00:00,9.97
8147,23,2024-04-04T11:00:00,9.59
8148,23,2024-04-04T12:00:00,9.96
8149,23,2024-04-04T13:00:00,10.99
8150,23,2024-04-04T14:00:00,11.41
8151,23,2024-04-04T15:00:00,12.13
8152,23,2024-04-04T16:00:00,12.05
8153,23,2024-04-04T17:00:00,11.95
8154,23,2024-04-04T18:00:00,11.46
8155,23,2024-04-04T19:00:00,10.52
8156,23,2024-04-04T20:00:00,9.24
8157,23,2024-04-04T21:00:00,8.57
8158,23,2024-04-04T22:00:00,8.76
8159,23,2024-04-04T23:00:00,9.89
8160,23,2024-04-05T00:00:00,10.25
8161,23,2024-04-05T01:00:00,10.61
8162,23,2024-04-05T02:00:00,10.75
8163,23,2024-04-05T03:00:00,10.77
8164,23,2024-04-05T04:00:00,10.72
8165,23,2024-04-05T05:00:00,10.56
8166,23,2024-04-05T06:00:00,10.66
8167,23,2024-04-05T07:00:00,11.18
8168,23,2024-04-05T08:00:00,12.1
8169,23,2024-04-05T09:00:00,13.29
8170,23,2024-04-05T10:00:00,13.86
8171,23,2024-04-05T11:00:00,14.12
8172,23,2024-04-05T12:00:00,14.23
8173,23,2024-04-05T13:00:00,14.3
8174,23,2024-04-05T14:00:00,14.58
8175,23,2024-04-05T15:00:00,15.09
8176,23,2024-04-05T16:00:00,15.23
8177,23,2024-04-05T17:00:00,14.91
8178,23,2024-04-05T18:00:00,14.36
8179,23,2024-04-05T19:00:00,13.77
8180,23,2024-04-05T20:00:00,13.39
8181,23,2024-04-05T21:00:00,12.86
8182,23,2024-04-05T22:00:00,12.58
8183,23,2024-04-05T23:00:00,12.54
8184,23,2024-04-06T00:00:00,12.48
8185,23,2024-04-06T01:00:00,11.96
8186,23,2024-04-06T02:00:00,11.38
8187,23,2024-04-06T03:00:00,11.26
8188,23,2024-04-06T04:00:00,11.3
8189,23,2024-04-06T05:00:00,11.37
8190,23,2024-04-06T06:00:00,11.92
8191,23,2024-04-06T07:00:00,13.17
8192,23,2024-04-06T08:00:00,14.63
8193,23,2024-04-06T09:00:00,16.04
8194,23,2024-04-06T10:00:00,17.52
8195,23,2024-04-06T11:00:00,19.34
8196,23,2024-04-06T12:00:00,20.64
8197,23,2024-04-06T13:00:00,21.39
8198,23,2024-04-06T14:00:00,21.68
8199,23,2024-04-06T15:00:00,21.83
8200,23,2024-04-06T16:00:00,21.9
8201,23,2024-04-06T17:00:00,21.41
8202,23,2024-04-06T18:00:00,19.99
8203,23,2024-04-06T19:00:00,17.96
8204,23,2024-04-06T20:00:00,16.86
8205,23,2024-04-06T21:00:00,16.37
8206,23,2024-04-06T22:00:00,16.72
8207,23,2024-04-06T23:00:00,16.65
8208,23,2024-04-07T00:00:00,16.35
8209,23,2024-04-07T01:00:00,15.89
8210,23,2024-04-07T02:00:00,15.78
8211,23,2024-04-07T03:00:00,15.22
8212,23,2024-04-07T04:00:00,14.44
8213,23,2024-04-07T05:00:00,13.43
8214,23,2024-04-07T06:00:00,13.17
8215,23,2024-04-07T07:00:00,13.65
8216,23,2024-04-07T08:00:00,14.52
8217,23,2024-04-07T09:00:00,14.89
8218,23,2024-04-07T10:00:00,15.73
8219,23,2024-04-07T11:00:00,16.97
8220,23,2024-04-07T12:00:00,17.45
8221,23,2024-04-07T13:00:00,18.08
8222,23,2024-04-07T14:00:00,18.14
8223,23,2024-04-07T15:00:00,17.99
8224,23,2024-04-07T16:00:00,17.53
8225,23,2024-04-07T17:00:00,16.99
8226,23,2024-04-07T18:00:00,16.21
8227,23,2024-04-07T19:00:00,15.11
8228,23,2024-04-07T20:00:00,14.09
8229,23,2024-04-07T21:00:00,13.54
8230,23,2024-04-07T22:00:00,12.81
8231,23,2024-04-07T23:00:00,12.03
8232,23,2024-04-08T00:00:00,11.46
8233,23,2024-04-08T01:00:00,11.02
8234,23,2024-04-08T02:00:00,10.69
8235,23,2024-04-08T03:00:00,10.39
8236,23,2024-04-08T04:00:00,10.33
8237,23,2024-04-08T05:00:00,9.99
8238,23,2024-04-08T06:00:00,10.26
8239,23,2024-04-08T07:00:00,11.62
8240,23,2024-04-08T08:00:00,13.18
8241,23,2024-04-08T09:00:00,14.66
8242,23,2024-04-08T10:00:00,15.98
8243,23,2024-04-08T11:00:00,16.05
8244,23,2024-04-08T12:00:00,15.67
8245,23,2024-04-08T13:00:00,15.2
8246,23,2024-04-08T14:00:00,16.68
8247,23,2024-04-08T15:00:00,18.75
8248,23,2024-04-08T16:00:00,19.57
8249,23,2024-04-08T17:00:00,19.42
8250,23,2024-04-08T18:00:00,18.24
8251,23,2024-04-08T19:00:00,16.65
8252,23,2024-04-08T20:00:00,16.08
8253,23,2024-04-08T21:00:00,15.81
8254,23,2024-04-08T22:00:00,15.4
8255,23,2024-04-08T23:00:00,15.21
8256,23,2024-04-09T00:00:00,14.19
8257,23,2024-04-09T01:00:00,12.8
8258,23,2024-04-09T02:00:00,12.05
8259,23,2024-04-09T03:00:00,12.03
8260,23,2024-04-09T04:00:00,11.32
8261,23,2024-04-09T05:00:00,10.43
8262,23,2024-04-09T06:00:00,9.04
8263,23,2024-04-09T07:00:00,8.36
8264,23,2024-04-09T08:00:00,8.24
8265,23,2024-04-09T09:00:00,8.15
8266,23,2024-04-09T10:00:00,8.52
8267,23,2024-04-09T11:00:00,9.16
8268,23,2024-04-09T12:00:00,9.65
8269,23,2024-04-09T13:00:00,9.48
8270,23,2024-04-09T14:00:00,9.33
8271,23,2024-04-09T15:00:00,9.45
8272,23,2024-04-09T16:00:00,9.73
8273,23,2024-04-09T17:00:00,8.73
8274,23,2024-04-09T18:00:00,7.33
8275,23,2024-04-09T19:00:00,6.76
8276,23,2024-04-09T20:00:00,6.76
8277,23,2024-04-09T21:00:00,6.53
8278,23,2024-04-09T22:00:00,6.4
8279,23,2024-04-09T23:00:00,5.92
8280,23,2024-04-10T00:00:00,5.45
8281,23,2024-04-10T01:00:00,5.12
8282,23,2024-04-10T02:00:00,4.91
8283,23,2024-04-10T03:00:00,4.66
8284,23,2024-04-10T04:00:00,4.41
8285,23,2024-04-10T05:00:00,4.09
8286,23,2024-04-10T06:00:00,4.1
8287,23,2024-04-10T07:00:00,4.99
8288,23,2024-04-10T08:00:00,6.44
8289,23,2024-04-10T09:00:00,7.91
8290,23,2024-04-10T10:00:00,8.97
8291,23,2024-04-10T11:00:00,9.93
8292,23,2024-04-10T12:00:00,10.58
8293,23,2024-04-10T13:00:00,11.42
8294,23,2024-04-10T14:00:00,12.04
8295,23,2024-04-10T15:00:00,12.38
8296,23,2024-04-10T16:00:00,12.57
8297,23,2024-04-10T17:00:00,11.88
8298,23,2024-04-10T18:00:00,10.95
8299,23,2024-04-10T19:00:00,8.44
8300,23,2024-04-10T20:00:00,6.57
8301,23,2024-04-10T21:00:00,5.33
8302,23,2024-04-10T22:00:00,5.43
8303,23,2024-04-10T23:00:00,5.89
8304,23,2024-04-11T00:00:00,6.01
8305,23,2024-04-11T01:00:00,6.2
8306,23,2024-04-11T02:00:00,6.15
8307,23,2024-04-11T03:00:00,6.69
8308,23,2024-04-11T04:00:00,7.23
8309,23,2024-04-11T05:00:00,6.92
8310,23,2024-04-11T06:00:00,7.26
8311,23,2024-04-11T07:00:00,8.17
8312,23,2024-04-11T08:00:00,9.02
8313,23,2024-04-11T09:00:00,9.65
8314,23,2024-04-11T10:00:00,10.49
8315,23,2024-04-11T11:00:00,11.2
8316,23,2024-04-11T12:00:00,11.86
8317,23,2024-04-11T13:00:00,12.55
8318,23,2024-04-11T14:00:00,13.27
8319,23,2024-04-11T15:00:00,13.31
8320,23,2024-04-11T16:00:00,13.75
8321,23,2024-04-11T17:00:00,13.76
8322,23,2024-04-11T18:00:00,13.16
8323,23,2024-04-11T19:00:00,12.38
8324,23,2024-04-11T20:00:00,11.81
8325,23,2024-04-11T21:00:00,11.72
8326,23,2024-04-11T22:00:00,11.59
8327,23,2024-04-11T23:00:00,11.46
8328,23,2024-04-12T00:00:00,11.4
8329,23,2024-04-12T01:00:00,11.24
8330,23,2024-04-12T02:00:00,11.08
8331,23,2024-04-12T03:00:00,11.03
8332,23,2024-04-12T04:00:00,11.08
8333,23,2024-04-12T05:00:00,11.28
8334,23,2024-04-12T06:00:00,11.58
8335,23,2024-04-12T07:00:00,11.94
8336,23,2024-04-12T08:00:00,12.57
8337,23,2024-04-12T09:00:00,13.19
8338,23,2024-04-12T10:00:00,13.91
8339,23,2024-04-12T11:00:00,15.07
8340,23,2024-04-12T12:00:00,15.6
8341,23,2024-04-12T13:00:00,16.39
8342,23,2024-04-12T14:00:00,16.79
8343,23,2024-04-12T15:00:00,17.53
8344,23,2024-04-12T16:00:00,17.53
8345,23,2024-04-12T17:00:00,17.2
8346,23,2024-04-12T18:00:00,16.36
8347,23,2024-04-12T19:00:00,14.61
8348,23,2024-04-12T20:00:00,13.59
8349,23,2024-04-12T21:00:00,12.64
8350,23,2024-04-12T22:00:00,11.85
8351,23,2024-04-12T23:00:00,11.51
8352,23,2024-04-13T00:00:00,11.3
8353,23,2024-04-13T01:00:00,10.76
8354,23,2024-04-13T02:00:00,10.5
8355,23,2024-04-13T03:00:00,10.46
8356,23,2024-04-13T04:00:00,9.99
8357,23,2024-04-13T05:00:00,9.65
8358,23,2024-04-13T06:00:00,9.81
8359,23,2024-04-13T07:00:00,12.09
8360,23,2024-04-13T08:00:00,13.88
8361,23,2024-04-13T09:00:00,15.71
8362,23,2024-04-13T10:00:00,17.47
8363,23,2024-04-13T11:00:00,18.85
8364,23,2024-04-13T12:00:00,20.16
8365,23,2024-04-13T13:00:00,21.19
8366,23,2024-04-13T14:00:00,21.84
8367,23,2024-04-13T15:00:00,22.09
8368,23,2024-04-13T16:00:00,21.75
8369,23,2024-04-13T17:00:00,20.85
8370,23,2024-04-13T18:00:00,19.69
8371,23,2024-04-13T19:00:00,17.89
8372,23,2024-04-13T20:00:00,16.51
8373,23,2024-04-13T21:00:00,15.81
8374,23,2024-04-13T22:00:00,15.68
8375,23,2024-04-13T23:00:00,15.41
8376,23,2024-04-14T00:00:00,14.41
8377,23,2024-04-14T01:00:00,13.08
8378,23,2024-04-14T02:00:00,11.57
8379,23,2024-04-14T03:00:00,10.21
8380,23,2024-04-14T04:00:00,9.27
8381,23,2024-04-14T05:00:00,8.37
8382,23,2024-04-14T06:00:00,8.51
8383,23,2024-04-14T07:00:00,9.26
8384,23,2024-04-14T08:00:00,10.09
8385,23,2024-04-14T09:00:00,11.23
8386,23,2024-04-14T10:00:00,12.42
8387,23,2024-04-14T11:00:00,13.25
8388,23,2024-04-14T12:00:00,13.45
8389,23,2024-04-14T13:00:00,14.04
8390,23,2024-04-14T14:00:00,14.28
8391,23,2024-04-14T15:00:00,14.23
8392,23,2024-04-14T16:00:00,13.92
8393,23,2024-04-14T17:00:00,13.26
8394,23,2024-04-14T18:00:00,12.4
8395,23,2024-04-14T19:00:00,11.22
8396,23,2024-04-14T20:00:00,10.67
8397,23,2024-04-14T21:00:00,10.41
8398,23,2024-04-14T22:00:00,10.15
8399,23,2024-04-14T23:00:00,8.83
8400,23,2024-04-15T00:00:00,7.63
8401,23,2024-04-15T01:00:00,6.92
8402,23,2024-04-15T02:00:00,6.0
8403,23,2024-04-15T03:00:00,5.32
8404,23,2024-04-15T04:00:00,4.72
8405,23,2024-04-15T05:00:00,4.43
8406,23,2024-04-15T06:00:00,4.62
8407,23,2024-04-15T07:00:00,5.28
8408,23,2024-04-15T08:00:00,6.42
8409,23,2024-04-15T09:00:00,7.63
8410,23,2024-04-15T10:00:00,8.81
8411,23,2024-04-15T11:00:00,9.43
8412,23,2024-04-15T12:00:00,9.91
8413,23,2024-04-15T13:00:00,9.4
8414,23,2024-04-15T14:00:00,8.17
8415,23,2024-04-15T15:00:00,4.81
8416,23,2024-04-15T16:00:00,3.42
8417,23,2024-04-15T17:00:00,2.72
8418,23,2024-04-15T18:00:00,3.13
8419,23,2024-04-15T19:00:00,2.98
8420,23,2024-04-15T20:00:00,2.73
8421,23,2024-04-15T21:00:00,3.08
8422,23,2024-04-15T22:00:00,3.02
8423,23,2024-04-15T23:00:00,2.34
8424,23,2024-04-16T00:00:00,2.26
8425,23,2024-04-16T01:00:00,2.52
8426,23,2024-04-16T02:00:00,2.55
8427,23,2024-04-16T03:00:00,2.95
8428,23,2024-04-16T04:00:00,3.02
8429,23,2024-04-16T05:00:00,3.14
8430,23,2024-04-16T06:00:00,3.52
8431,23,2024-04-16T07:00:00,3.5
8432,23,2024-04-16T08:00:00,3.78
8433,23,2024-04-16T09:00:00,4.77
8434,23,2024-04-16T10:00:00,5.43
8435,23,2024-04-16T11:00:00,5.85
8436,23,2024-04-16T12:00:00,6.43
8437,23,2024-04-16T13:00:00,6.23
8438,23,2024-04-16T14:00:00,6.21
8439,23,2024-04-16T15:00:00,5.61
8440,23,2024-04-16T16:00:00,5.86
8441,23,2024-04-16T17:00:00,5.49
8442,23,2024-04-16T18:00:00,5.11
8443,23,2024-04-16T19:00:00,4.54
8444,23,2024-04-16T20:00:00,4.35
8445,23,2024-04-16T21:00:00,4.24
8446,23,2024-04-16T22:00:00,4.12
8447,23,2024-04-16T23:00:00,4.01
8448,23,2024-04-17T00:00:00,3.73
8449,23,2024-04-17T01:00:00,3.04
8450,23,2024-04-17T02:00:00,2.13
8451,23,2024-04-17T03:00:00,1.44
8452,23,2024-04-17T04:00:00,1.42
8453,23,2024-04-17T05:00:00,2.3
8454,23,2024-04-17T06:00:00,2.62
8455,23,2024-04-17T07:00:00,2.83
8456,23,2024-04-17T08:00:00,3.06
8457,23,2024-04-17T09:00:00,3.88
8458,23,2024-04-17T10:00:00,5.07
8459,23,2024-04-17T11:00:00,5.21
8460,23,2024-04-17T12:00:00,5.49
8461,23,2024-04-17T13:00:00,3.54
8462,23,2024-04-17T14:00:00,3.73
8463,23,2024-04-17T15:00:00,4.16
8464,23,2024-04-17T16:00:00,3.58
8465,23,2024-04-17T17:00:00,3.5
8466,23,2024-04-17T18:00:00,2.17
8467,23,2024-04-17T19:00:00,1.65
8468,23,2024-04-17T20:00:00,1.17
8469,23,2024-04-17T21:00:00,1.16
8470,23,2024-04-17T22:00:00,1.32
8471,23,2024-04-17T23:00:00,1.13
8472,23,2024-04-18T00:00:00,0.89
8473,23,2024-04-18T01:00:00,1.1
8474,23,2024-04-18T02:00:00,1.37
8475,23,2024-04-18T03:00:00,1.59
8476,23,2024-04-18T04:00:00,1.67
8477,23,2024-04-18T05:00:00,1.65
8478,23,2024-04-18T06:00:00,1.69
8479,23,2024-04-18T07:00:00,2.29
8480,23,2024-04-18T08:00:00,3.08
8481,23,2024-04-18T09:00:00,4.2
8482,23,2024-04-18T10:00:00,5.03
8483,23,2024-04-18T11:00:00,6.24
8484,23,2024-04-18T12:00:00,6.99
8485,23,2024-04-18T13:00:00,7.69
8486,23,2024-04-18T14:00:00,7.94
8487,23,2024-04-18T15:00:00,8.2
8488,23,2024-04-18T16:00:00,8.18
8489,23,2024-04-18T17:00:00,8.25
8490,23,2024-04-18T18:00:00,7.45
8491,23,2024-04-18T19:00:00,6.4
8492,23,2024-04-18T20:00:00,5.54
8493,23,2024-04-18T21:00:00,5.1
8494,23,2024-04-18T22:00:00,4.69
8495,23,2024-04-18T23:00:00,4.72
8496,23,2024-04-19T00:00:00,4.92
8497,23,2024-04-19T01:00:00,5.12
8498,23,2024-04-19T02:00:00,4.86
8499,23,2024-04-19T03:00:00,4.52
8500,23,2024-04-19T04:00:00,3.7
8501,23,2024-04-19T05:00:00,3.13
8502,23,2024-04-19T06:00:00,3.44
8503,23,2024-04-19T07:00:00,4.38
8504,23,2024-04-19T08:00:00,5.2
8505,23,2024-04-19T09:00:00,6.03
8506,23,2024-04-19T10:00:00,6.83
8507,23,2024-04-19T11:00:00,6.86
8508,23,2024-04-19T12:00:00,6.79
8509,23,2024-04-19T13:00:00,7.14
8510,23,2024-04-19T14:00:00,7.79
8511,23,2024-04-19T15:00:00,8.38
8512,23,2024-04-19T16:00:00,7.76
8513,23,2024-04-19T17:00:00,6.97
8514,23,2024-04-19T18:00:00,5.96
8515,23,2024-04-19T19:00:00,4.81
8516,23,2024-04-19T20:00:00,4.25
8517,23,2024-04-19T21:00:00,3.95
8518,23,2024-04-19T22:00:00,3.54
8519,23,2024-04-19T23:00:00,3.25
8520,23,2024-04-20T00:00:00,3.05
8521,23,2024-04-20T01:00:00,2.86
8522,23,2024-04-20T02:00:00,2.6
8523,23,2024-04-20T03:00:00,2.55
8524,23,2024-04-20T04:00:00,2.55
8525,23,2024-04-20T05:00:00,2.52
8526,23,2024-04-20T06:00:00,2.55
8527,23,2024-04-20T07:00:00,2.94
8528,23,2024-04-20T08:00:00,3.43
8529,23,2024-04-20T09:00:00,4.13
8530,23,2024-04-20T10:00:00,4.5
8531,23,2024-04-20T11:00:00,5.33
8532,23,2024-04-20T12:00:00,5.36
8533,23,2024-04-20T13:00:00,5.93
8534,23,2024-04-20T14:00:00,6.65
8535,23,2024-04-20T15:00:00,6.58
8536,23,2024-04-20T16:00:00,6.43
8537,23,2024-04-20T17:00:00,5.98
8538,23,2024-04-20T18:00:00,5.09
8539,23,2024-04-20T19:00:00,4.44
8540,23,2024-04-20T20:00:00,4.22
8541,23,2024-04-20T21:00:00,4.0
8542,23,2024-04-20T22:00:00,3.72
8543,23,2024-04-20T23:00:00,3.29
8544,23,2024-04-21T00:00:00,2.94
8545,23,2024-04-21T01:00:00,2.6
8546,23,2024-04-21T02:00:00,2.28
8547,23,2024-04-21T03:00:00,2.02
8548,23,2024-04-21T04:00:00,1.6
8549,23,2024-04-21T05:00:00,1.29
8550,23,2024-04-21T06:00:00,1.4
8551,23,2024-04-21T07:00:00,1.62
8552,23,2024-04-21T08:00:00,1.73
8553,23,2024-04-21T09:00:00,2.38
8554,23,2024-04-21T10:00:00,3.22
8555,23,2024-04-21T11:00:00,3.55
8556,23,2024-04-21T12:00:00,4.47
8557,23,2024-04-21T13:00:00,5.64
8558,23,2024-04-21T14:00:00,6.35
8559,23,2024-04-21T15:00:00,6.79
8560,23,2024-04-21T16:00:00,6.38
8561,23,2024-04-21T17:00:00,5.07
8562,23,2024-04-21T18:00:00,4.5
8563,23,2024-04-21T19:00:00,3.01
8564,23,2024-04-21T20:00:00,2.68
8565,23,2024-04-21T21:00:00,2.18
8566,23,2024-04-21T22:00:00,1.63
8567,23,2024-04-21T23:00:00,1.26
8568,23,2024-04-22T00:00:00,0.85
8569,23,2024-04-22T01:00:00,0.18
8570,23,2024-04-22T02:00:00,-0.27
8571,23,2024-04-22T03:00:00,-0.37
8572,23,2024-04-22T04:00:00,-0.31
8573,23,2024-04-22T05:00:00,-0.36
8574,23,2024-04-22T06:00:00,0.38
8575,23,2024-04-22T07:00:00,1.41
8576,23,2024-04-22T08:00:00,2.49
8577,23,2024-04-22T09:00:00,3.64
8578,23,2024-04-22T10:00:00,5.0
8579,23,2024-04-22T11:00:00,5.88
8580,23,2024-04-22T12:00:00,5.73
8581,23,2024-04-22T13:00:00,5.69
8582,23,2024-04-22T14:00:00,5.56
8583,23,2024-04-22T15:00:00,5.12
8584,23,2024-04-22T16:00:00,5.32
8585,23,2024-04-22T17:00:00,3.97
8586,23,2024-04-22T18:00:00,2.91
8587,23,2024-04-22T19:00:00,1.83
8588,23,2024-04-22T20:00:00,1.06
8589,23,2024-04-22T21:00:00,0.85
8590,23,2024-04-22T22:00:00,0.41
8591,23,2024-04-22T23:00:00,0.06
8592,23,2024-04-23T00:00:00,-0.41
8593,23,2024-04-23T01:00:00,-0.95
8594,23,2024-04-23T02:00:00,-1.22
8595,23,2024-04-23T03:00:00,-1.54
8596,23,2024-04-23T04:00:00,-1.96
8597,23,2024-04-23T05:00:00,-2.25
8598,23,2024-04-23T06:00:00,-1.47
8599,23,2024-04-23T07:00:00,1.06
8600,23,2024-04-23T08:00:00,2.21
8601,23,2024-04-23T09:00:00,3.44
8602,23,2024-04-23T10:00:00,5.06
8603,23,2024-04-23T11:00:00,6.05
8604,23,2024-04-23T12:00:00,6.62
8605,23,2024-04-23T13:00:00,7.05
8606,23,2024-04-23T14:00:00,7.18
8607,23,2024-04-23T15:00:00,7.1
8608,23,2024-04-23T16:00:00,7.28
8609,23,2024-04-23T17:00:00,7.1
8610,23,2024-04-23T18:00:00,6.65
8611,23,2024-04-23T19:00:00,4.93
8612,23,2024-04-23T20:00:00,3.83
8613,23,2024-04-23T21:00:00,3.65
8614,23,2024-04-23T22:00:00,3.67
8615,23,2024-04-23T23:00:00,3.03
8616,23,2024-04-24T00:00:00,2.86
8617,23,2024-04-24T01:00:00,2.65
8618,23,2024-04-24T02:00:00,2.69
8619,23,2024-04-24T03:00:00,2.63
8620,23,2024-04-24T04:00:00,2.49
8621,23,2024-04-24T05:00:00,2.26
8622,23,2024-04-24T06:00:00,2.12
8623,23,2024-04-24T07:00:00,2.47
8624,23,2024-04-24T08:00:00,2.86
8625,23,2024-04-24T09:00:00,2.88
8626,23,2024-04-24T10:00:00,4.0
8627,23,2024-04-24T11:00:00,3.89
8628,23,2024-04-24T12:00:00,4.22
8629,23,2024-04-24T13:00:00,5.33
8630,23,2024-04-24T14:00:00,5.33
8631,23,2024-04-24T15:00:00,5.69
8632,23,2024-04-24T16:00:00,5.02
8633,23,2024-04-24T17:00:00,5.28
8634,23,2024-04-24T18:00:00,4.42
8635,23,2024-04-24T19:00:00,3.75
8636,23,2024-04-24T20:00:00,3.03
8637,23,2024-04-24T21:00:00,2.72
8638,23,2024-04-24T22:00:00,2.51
8639,23,2024-04-24T23:00:00,2.17
8640,23,2024-04-25T00:00:00,1.87
8641,23,2024-04-25T01:00:00,1.78
8642,23,2024-04-25T02:00:00,1.84
8643,23,2024-04-25T03:00:00,1.82
8644,23,2024-04-25T04:00:00,1.64
8645,23,2024-04-25T05:00:00,1.46
8646,23,2024-04-25T06:00:00,1.4
8647,23,2024-04-25T07:00:00,2.16
8648,23,2024-04-25T08:00:00,2.78
8649,23,2024-04-25T09:00:00,3.67
8650,23,2024-04-25T10:00:00,4.58
8651,23,2024-04-25T11:00:00,4.79
8652,23,2024-04-25T12:00:00,5.09
8653,23,2024-04-25T13:00:00,5.86
8654,23,2024-04-25T14:00:00,6.68
8655,23,2024-04-25T15:00:00,7.66
8656,23,2024-04-25T16:00:00,7.25
8657,23,2024-04-25T17:00:00,6.91
8658,23,2024-04-25T18:00:00,6.41
8659,23,2024-04-25T19:00:00,5.78
8660,23,2024-04-25T20:00:00,5.37
8661,23,2024-04-25T21:00:00,5.14
8662,23,2024-04-25T22:00:00,5.2
8663,23,2024-04-25T23:00:00,5.2
8664,23,2024-04-26T00:00:00,5.06
8665,23,2024-04-26T01:00:00,5.0
8666,23,2024-04-26T02:00:00,4.76
8667,23,2024-04-26T03:00:00,4.23
8668,23,2024-04-26T04:00:00,3.98
8669,23,2024-04-26T05:00:00,3.82
8670,23,2024-04-26T06:00:00,4.27
8671,23,2024-04-26T07:00:00,5.84
8672,23,2024-04-26T08:00:00,7.46
8673,23,2024-04-26T09:00:00,8.37
8674,23,2024-04-26T10:00:00,9.04
8675,23,2024-04-26T11:00:00,9.81
8676,23,2024-04-26T12:00:00,10.24
8677,23,2024-04-26T13:00:00,10.37
8678,23,2024-04-26T14:00:00,10.65
8679,23,2024-04-26T15:00:00,10.95
8680,23,2024-04-26T16:00:00,11.06
8681,23,2024-04-26T17:00:00,11.17
8682,23,2024-04-26T18:00:00,10.66
8683,23,2024-04-26T19:00:00,9.75
8684,23,2024-04-26T20:00:00,9.01
8685,23,2024-04-26T21:00:00,8.69
8686,23,2024-04-26T22:00:00,7.84
8687,23,2024-04-26T23:00:00,7.24
8688,23,2024-04-27T00:00:00,6.66
8689,23,2024-04-27T01:00:00,6.35
8690,23,2024-04-27T02:00:00,5.66
8691,23,2024-04-27T03:00:00,5.93
8692,23,2024-04-27T04:00:00,6.21
8693,23,2024-04-27T05:00:00,6.85
8694,23,2024-04-27T06:00:00,7.29
8695,23,2024-04-27T07:00:00,7.72
8696,23,2024-04-27T08:00:00,8.62
8697,23,2024-04-27T09:00:00,10.04
8698,23,2024-04-27T10:00:00,11.11
8699,23,2024-04-27T11:00:00,11.6
8700,23,2024-04-27T12:00:00,12.83
8701,23,2024-04-27T13:00:00,13.97
8702,23,2024-04-27T14:00:00,14.65
8703,23,2024-04-27T15:00:00,14.71
8704,23,2024-04-27T16:00:00,14.79
8705,23,2024-04-27T17:00:00,14.47
8706,23,2024-04-27T18:00:00,13.65
8707,23,2024-04-27T19:00:00,12.45
8708,23,2024-04-27T20:00:00,12.07
8709,23,2024-04-27T21:00:00,11.78
8710,23,2024-04-27T22:00:00,11.45
8711,23,2024-04-27T23:00:00,11.81
8712,23,2024-04-28T00:00:00,12.02
8713,23,2024-04-28T01:00:00,11.77
8714,23,2024-04-28T02:00:00,11.57
8715,23,2024-04-28T03:00:00,11.61
8716,23,2024-04-28T04:00:00,11.27
8717,23,2024-04-28T05:00:00,11.37
8718,23,2024-04-28T06:00:00,11.49
8719,23,2024-04-28T07:00:00,12.12
8720,23,2024-04-28T08:00:00,12.2
8721,23,2024-04-28T09:00:00,12.07
8722,23,2024-04-28T10:00:00,12.37
8723,23,2024-04-28T11:00:00,12.04
8724,23,2024-04-28T12:00:00,11.87
8725,23,2024-04-28T13:00:00,11.93
8726,23,2024-04-28T14:00:00,12.15
8727,23,2024-04-28T15:00:00,11.76
8728,23,2024-04-28T16:00:00,12.19
8729,23,2024-04-28T17:00:00,12.11
8730,23,2024-04-28T18:00:00,11.79
8731,23,2024-04-28T19:00:00,10.51
8732,23,2024-04-28T20:00:00,8.85
8733,23,2024-04-28T21:00:00,7.75
8734,23,2024-04-28T22:00:00,7.18
8735,23,2024-04-28T23:00:00,6.62
8736,23,2024-04-29T00:00:00,6.5
8737,23,2024-04-29T01:00:00,6.11
8738,23,2024-04-29T02:00:00,5.69
8739,23,2024-04-29T03:00:00,5.55
8740,23,2024-04-29T04:00:00,5.24
8741,23,2024-04-29T05:00:00,5.01
8742,23,2024-04-29T06:00:00,6.04
8743,23,2024-04-29T07:00:00,8.07
8744,23,2024-04-29T08:00:00,9.57
8745,23,2024-04-29T09:00:00,11.48
8746,23,2024-04-29T10:00:00,13.35
8747,23,2024-04-29T11:00:00,15.07
8748,23,2024-04-29T12:00:00,16.22
8749,23,2024-04-29T13:00:00,16.56
8750,23,2024-04-29T14:00:00,16.27
8751,23,2024-04-29T15:00:00,16.04
8752,23,2024-04-29T16:00:00,15.85
8753,23,2024-04-29T17:00:00,15.04
8754,23,2024-04-29T18:00:00,14.4
8755,23,2024-04-29T19:00:00,13.31
8756,23,2024-04-29T20:00:00,12.21
8757,23,2024-04-29T21:00:00,12.06
8758,23,2024-04-29T22:00:00,11.62
8759,23,2024-04-29T23:00:00,11.25
8760,23,2024-04-30T00:00:00,10.67
8761,23,2024-04-30T01:00:00,10.59
8762,23,2024-04-30T02:00:00,10.59
8763,23,2024-04-30T03:00:00,10.58
8764,23,2024-04-30T04:00:00,10.5
8765,23,2024-04-30T05:00:00,10.24
8766,23,2024-04-30T06:00:00,10.55
8767,23,2024-04-30T07:00:00,12.16
8768,23,2024-04-30T08:00:00,13.96
8769,23,2024-04-30T09:00:00,15.07
8770,23,2024-04-30T10:00:00,16.52
8771,23,2024-04-30T11:00:00,17.67
8772,23,2024-04-30T12:00:00,19.05
8773,23,2024-04-30T13:00:00,20.49
8774,23,2024-04-30T14:00:00,21.09
8775,23,2024-04-30T15:00:00,21.31
8776,23,2024-04-30T16:00:00,21.0
8777,23,2024-04-30T17:00:00,20.74
8778,23,2024-04-30T18:00:00,19.87
8779,23,2024-04-30T19:00:00,17.88
8780,23,2024-04-30T20:00:00,16.25
8781,23,2024-04-30T21:00:00,14.88
8782,23,2024-04-30T22:00:00,13.75
8783,23,2024-04-30T23:00:00,13.95
8784,23,2024-05-01T00:00:00,13.7
8785,23,2024-05-01T01:00:00,12.82
8786,23,2024-05-01T02:00:00,11.92
8787,23,2024-05-01T03:00:00,11.43
8788,23,2024-05-01T04:00:00,11.45
8789,23,2024-05-01T05:00:00,10.9
8790,23,2024-05-01T06:00:00,11.47
8791,23,2024-05-01T07:00:00,12.75
8792,23,2024-05-01T08:00:00,14.17
8793,23,2024-05-01T09:00:00,16.45
8794,23,2024-05-01T10:00:00,18.99
8795,23,2024-05-01T11:00:00,20.75
8796,23,2024-05-01T12:00:00,21.57
8797,23,2024-05-01T13:00:00,22.47
8798,23,2024-05-01T14:00:00,22.83
8799,23,2024-05-01T15:00:00,22.76
8800,23,2024-05-01T16:00:00,22.56
8801,23,2024-05-01T17:00:00,22.03
8802,23,2024-05-01T18:00:00,21.41
8803,23,2024-05-01T19:00:00,20.11
8804,23,2024-05-01T20:00:00,18.68
8805,23,2024-05-01T21:00:00,18.28
8806,23,2024-05-01T22:00:00,17.75
8807,23,2024-05-01T23:00:00,17.13
8808,23,2024-05-02T00:00:00,16.42
8809,23,2024-05-02T01:00:00,15.11
8810,23,2024-05-02T02:00:00,14.28
8811,23,2024-05-02T03:00:00,13.9
8812,23,2024-05-02T04:00:00,13.08
8813,23,2024-05-02T05:00:00,12.44
8814,23,2024-05-02T06:00:00,13.38
8815,23,2024-05-02T07:00:00,15.69
8816,23,2024-05-02T08:00:00,16.99
8817,23,2024-05-02T09:00:00,17.81
8818,23,2024-05-02T10:00:00,17.42
8819,23,2024-05-02T11:00:00,16.7
8820,23,2024-05-02T12:00:00,15.75
8821,23,2024-05-02T13:00:00,15.41
8822,23,2024-05-02T14:00:00,14.52
8823,23,2024-05-02T15:00:00,13.84
8824,23,2024-05-02T16:00:00,13.21
8825,23,2024-05-02T17:00:00,12.73
8826,23,2024-05-02T18:00:00,12.3
8827,23,2024-05-02T19:00:00,11.61
8828,23,2024-05-02T20:00:00,11.03
8829,23,2024-05-02T21:00:00,10.3
8830,23,2024-05-02T22:00:00,9.76
8831,23,2024-05-02T23:00:00,9.4
8832,23,2024-05-03T00:00:00,9.06
8833,23,2024-05-03T01:00:00,8.73
8834,23,2024-05-03T02:00:00,8.51
8835,23,2024-05-03T03:00:00,8.32
8836,23,2024-05-03T04:00:00,8.16
8837,23,2024-05-03T05:00:00,8.04
8838,23,2024-05-03T06:00:00,7.91
8839,23,2024-05-03T07:00:00,7.75
8840,23,2024-05-03T08:00:00,7.81
8841,23,2024-05-03T09:00:00,8.03
8842,23,2024-05-03T10:00:00,8.59
8843,23,2024-05-03T11:00:00,9.29
8844,23,2024-05-03T12:00:00,10.35
8845,23,2024-05-03T13:00:00,11.42
8846,23,2024-05-03T14:00:00,12.14
8847,23,2024-05-03T15:00:00,12.88
8848,23,2024-05-03T16:00:00,12.89
8849,23,2024-05-03T17:00:00,12.63
8850,23,2024-05-03T18:00:00,12.15
8851,23,2024-05-03T19:00:00,10.71
8852,23,2024-05-03T20:00:00,8.41
8853,23,2024-05-03T21:00:00,7.46
8854,23,2024-05-03T22:00:00,6.82
8855,23,2024-05-03T23:00:00,6.07
8856,23,2024-05-04T00:00:00,6.13
8857,23,2024-05-04T01:00:00,5.81
8858,23,2024-05-04T02:00:00,5.59
8859,23,2024-05-04T03:00:00,5.38
8860,23,2024-05-04T04:00:00,5.05
8861,23,2024-05-04T05:00:00,5.59
8862,23,2024-05-04T06:00:00,6.96
8863,23,2024-05-04T07:00:00,8.33
8864,23,2024-05-04T08:00:00,9.58
8865,23,2024-05-04T09:00:00,11.14
8866,23,2024-05-04T10:00:00,12.59
8867,23,2024-05-04T11:00:00,13.32
8868,23,2024-05-04T12:00:00,13.47
8869,23,2024-05-04T13:00:00,11.49
8870,23,2024-05-04T14:00:00,10.92
8871,23,2024-05-04T15:00:00,11.77
8872,23,2024-05-04T16:00:00,11.02
8873,23,2024-05-04T17:00:00,10.13
8874,23,2024-05-04T18:00:00,9.82
8875,23,2024-05-04T19:00:00,9.49
8876,23,2024-05-04T20:00:00,9.11
8877,23,2024-05-04T21:00:00,9.01
8878,23,2024-05-04T22:00:00,8.81
8879,23,2024-05-04T23:00:00,8.18
8880,23,2024-05-05T00:00:00,7.72
8881,23,2024-05-05T01:00:00,7.65
8882,23,2024-05-05T02:00:00,7.84
8883,23,2024-05-05T03:00:00,7.43
8884,23,2024-05-05T04:00:00,7.32
8885,23,2024-05-05T05:00:00,7.33
8886,23,2024-05-05T06:00:00,7.5
8887,23,2024-05-05T07:00:00,8.32
8888,23,2024-05-05T08:00:00,9.42
8889,23,2024-05-05T09:00:00,10.87
8890,23,2024-05-05T10:00:00,12.12
8891,23,2024-05-05T11:00:00,13.2
8892,23,2024-05-05T12:00:00,14.0
8893,23,2024-05-05T13:00:00,14.34
8894,23,2024-05-05T14:00:00,14.65
8895,23,2024-05-05T15:00:00,14.28
8896,23,2024-05-05T16:00:00,13.63
8897,23,2024-05-05T17:00:00,13.7
8898,23,2024-05-05T18:00:00,13.56
8899,23,2024-05-05T19:00:00,12.72
8900,23,2024-05-05T20:00:00,11.68
8901,23,2024-05-05T21:00:00,11.39
8902,23,2024-05-05T22:00:00,11.34
8903,23,2024-05-05T23:00:00,11.05
8904,23,2024-05-06T00:00:00,11.02
8905,23,2024-05-06T01:00:00,11.12
8906,23,2024-05-06T02:00:00,11.08
8907,23,2024-05-06T03:00:00,11.1
8908,23,2024-05-06T04:00:00,11.0
8909,23,2024-05-06T05:00:00,10.95
8910,23,2024-05-06T06:00:00,11.23
8911,23,2024-05-06T07:00:00,11.59
8912,23,2024-05-06T08:00:00,12.07
8913,23,2024-05-06T09:00:00,12.51
8914,23,2024-05-06T10:00:00,12.93
8915,23,2024-05-06T11:00:00,13.55
8916,23,2024-05-06T12:00:00,14.19
8917,23,2024-05-06T13:00:00,13.95
8918,23,2024-05-06T14:00:00,13.76
8919,23,2024-05-06T15:00:00,13.92
8920,23,2024-05-06T16:00:00,13.75
8921,23,2024-05-06T17:00:00,12.73
8922,23,2024-05-06T18:00:00,12.07
8923,23,2024-05-06T19:00:00,11.85
8924,23,2024-05-06T20:00:00,11.32
8925,23,2024-05-06T21:00:00,10.82
8926,23,2024-05-06T22:00:00,10.49
8927,23,2024-05-06T23:00:00,10.01
8928,23,2024-05-07T00:00:00,9.67
8929,23,2024-05-07T01:00:00,9.43
8930,23,2024-05-07T02:00:00,9.26
8931,23,2024-05-07T03:00:00,9.13
8932,23,2024-05-07T04:00:00,9.12
8933,23,2024-05-07T05:00:00,9.28
8934,23,2024-05-07T06:00:00,9.41
8935,23,2024-05-07T07:00:00,10.01
8936,23,2024-05-07T08:00:00,11.12
8937,23,2024-05-07T09:00:00,11.91
8938,23,2024-05-07T10:00:00,12.59
8939,23,2024-05-07T11:00:00,12.73
8940,23,2024-05-07T12:00:00,13.6
8941,23,2024-05-07T13:00:00,14.52
8942,23,2024-05-07T14:00:00,14.8
8943,23,2024-05-07T15:00:00,15.56
8944,23,2024-05-07T16:00:00,15.44
8945,23,2024-05-07T17:00:00,14.37
8946,23,2024-05-07T18:00:00,13.4
8947,23,2024-05-07T19:00:00,12.96
8948,23,2024-05-07T20:00:00,12.34
8949,23,2024-05-07T21:00:00,11.43
8950,23,2024-05-07T22:00:00,11.0
8951,23,2024-05-07T23:00:00,10.15
8952,23,2024-05-08T00:00:00,9.73
8953,23,2024-05-08T01:00:00,9.42
8954,23,2024-05-08T02:00:00,8.94
8955,23,2024-05-08T03:00:00,8.86
8956,23,2024-05-08T04:00:00,8.76
8957,23,2024-05-08T05:00:00,8.79
8958,23,2024-05-08T06:00:00,8.86
8959,23,2024-05-08T07:00:00,9.08
8960,23,2024-05-08T08:00:00,9.41
8961,23,2024-05-08T09:00:00,9.77
8962,23,2024-05-08T10:00:00,10.1
8963,23,2024-05-08T11:00:00,10.42
8964,23,2024-05-08T12:00:00,10.79
8965,23,2024-05-08T13:00:00,11.52
8966,23,2024-05-08T14:00:00,11.54
8967,23,2024-05-08T15:00:00,12.0
8968,23,2024-05-08T16:00:00,12.63
8969,23,2024-05-08T17:00:00,12.55
8970,23,2024-05-08T18:00:00,12.23
8971,23,2024-05-08T19:00:00,11.16
8972,23,2024-05-08T20:00:00,9.57
8973,23,2024-05-08T21:00:00,8.56
8974,23,2024-05-08T22:00:00,7.98
8975,23,2024-05-08T23:00:00,7.69
8976,23,2024-05-09T00:00:00,7.39
8977,23,2024-05-09T01:00:00,7.14
8978,23,2024-05-09T02:00:00,6.93
8979,23,2024-05-09T03:00:00,6.62
8980,23,2024-05-09T04:00:00,6.84
8981,23,2024-05-09T05:00:00,6.87
8982,23,2024-05-09T06:00:00,7.9
8983,23,2024-05-09T07:00:00,9.51
8984,23,2024-05-09T08:00:00,10.85
8985,23,2024-05-09T09:00:00,12.28
8986,23,2024-05-09T10:00:00,14.03
8987,23,2024-05-09T11:00:00,16.37
8988,23,2024-05-09T12:00:00,17.42
8989,23,2024-05-09T13:00:00,17.65
8990,23,2024-05-09T14:00:00,17.89
8991,23,2024-05-09T15:00:00,17.73
8992,23,2024-05-09T16:00:00,17.2
8993,23,2024-05-09T17:00:00,16.86
8994,23,2024-05-09T18:00:00,16.23
8995,23,2024-05-09T19:00:00,15.21
8996,23,2024-05-09T20:00:00,13.63
8997,23,2024-05-09T21:00:00,12.06
8998,23,2024-05-09T22:00:00,11.24
8999,23,2024-05-09T23:00:00,10.66
9000,23,2024-05-10T00:00:00,10.17
9001,23,2024-05-10T01:00:00,9.5
9002,23,2024-05-10T02:00:00,9.07
9003,23,2024-05-10T03:00:00,8.58
9004,23,2024-05-10T04:00:00,7.92
9005,23,2024-05-10T05:00:00,7.97
9006,23,2024-05-10T06:00:00,9.64
9007,23,2024-05-10T07:00:00,12.52
9008,23,2024-05-10T08:00:00,14.9
9009,23,2024-05-10T09:00:00,16.29
9010,23,2024-05-10T10:00:00,17.56
9011,23,2024-05-10T11:00:00,18.24
9012,23,2024-05-10T12:00:00,19.07
9013,23,2024-05-10T13:00:00,19.31
9014,23,2024-05-10T14:00:00,19.51
9015,23,2024-05-10T15:00:00,19.57
9016,23,2024-05-10T16:00:00,19.31
9017,23,2024-05-10T17:00:00,18.89
9018,23,2024-05-10T18:00:00,17.98
9019,23,2024-05-10T19:00:00,16.86
9020,23,2024-05-10T20:00:00,15.2
9021,23,2024-05-10T21:00:00,13.65
9022,23,2024-05-10T22:00:00,13.6
9023,23,2024-05-10T23:00:00,12.85
9024,23,2024-05-11T00:00:00,11.8
9025,23,2024-05-11T01:00:00,11.51
9026,23,2024-05-11T02:00:00,10.91
9027,23,2024-05-11T03:00:00,10.7
9028,23,2024-05-11T04:00:00,10.75
9029,23,2024-05-11T05:00:00,11.15
9030,23,2024-05-11T06:00:00,13.02
9031,23,2024-05-11T07:00:00,15.31
9032,23,2024-05-11T08:00:00,16.91
9033,23,2024-05-11T09:00:00,18.89
9034,23,2024-05-11T10:00:00,19.83
9035,23,2024-05-11T11:00:00,20.48
9036,23,2024-05-11T12:00:00,21.26
9037,23,2024-05-11T13:00:00,21.44
9038,23,2024-05-11T14:00:00,21.61
9039,23,2024-05-11T15:00:00,21.82
9040,23,2024-05-11T16:00:00,21.81
9041,23,2024-05-11T17:00:00,21.37
9042,23,2024-05-11T18:00:00,20.73
9043,23,2024-05-11T19:00:00,19.16
9044,23,2024-05-11T20:00:00,17.26
9045,23,2024-05-11T21:00:00,15.94
9046,23,2024-05-11T22:00:00,15.59
9047,23,2024-05-11T23:00:00,15.08
9048,23,2024-05-12T00:00:00,14.53
9049,23,2024-05-12T01:00:00,13.83
9050,23,2024-05-12T02:00:00,13.13
9051,23,2024-05-12T03:00:00,13.02
9052,23,2024-05-12T04:00:00,12.62
9053,23,2024-05-12T05:00:00,12.71
9054,23,2024-05-12T06:00:00,14.54
9055,23,2024-05-12T07:00:00,16.91
9056,23,2024-05-12T08:00:00,18.72
9057,23,2024-05-12T09:00:00,20.35
9058,23,2024-05-12T10:00:00,21.57
9059,23,2024-05-12T11:00:00,22.72
9060,23,2024-05-12T12:00:00,23.16
9061,23,2024-05-12T13:00:00,23.55
9062,23,2024-05-12T14:00:00,23.73
9063,23,2024-05-12T15:00:00,24.0
9064,23,2024-05-12T16:00:00,23.83
9065,23,2024-05-12T17:00:00,23.24
9066,23,2024-05-12T18:00:00,22.17
9067,23,2024-05-12T19:00:00,20.24
9068,23,2024-05-12T20:00:00,18.15
9069,23,2024-05-12T21:00:00,16.98
9070,23,2024-05-12T22:00:00,16.53
9071,23,2024-05-12T23:00:00,15.26
9072,23,2024-05-13T00:00:00,14.21
9073,23,2024-05-13T01:00:00,12.83
9074,23,2024-05-13T02:00:00,12.74
9075,23,2024-05-13T03:00:00,12.71
9076,23,2024-05-13T04:00:00,12.53
9077,23,2024-05-13T05:00:00,13.04
9078,23,2024-05-13T06:00:00,14.33
9079,23,2024-05-13T07:00:00,14.63
9080,23,2024-05-13T08:00:00,15.3
9081,23,2024-05-13T09:00:00,16.59
9082,23,2024-05-13T10:00:00,18.03
9083,23,2024-05-13T11:00:00,18.61
9084,23,2024-05-13T12:00:00,18.64
9085,23,2024-05-13T13:00:00,19.74
9086,23,2024-05-13T14:00:00,19.8
9087,23,2024-05-13T15:00:00,20.39
9088,23,2024-05-13T16:00:00,20.25
9089,23,2024-05-13T17:00:00,19.56
9090,23,2024-05-13T18:00:00,19.64
9091,23,2024-05-13T19:00:00,18.4
9092,23,2024-05-13T20:00:00,16.47
9093,23,2024-05-13T21:00:00,14.9
9094,23,2024-05-13T22:00:00,14.25
9095,23,2024-05-13T23:00:00,13.98
9096,23,2024-05-14T00:00:00,14.31
9097,23,2024-05-14T01:00:00,14.3
9098,23,2024-05-14T02:00:00,14.15
9099,23,2024-05-14T03:00:00,14.23
9100,23,2024-05-14T04:00:00,13.42
9101,23,2024-05-14T05:00:00,13.69
9102,23,2024-05-14T06:00:00,15.76
9103,23,2024-05-14T07:00:00,17.53
9104,23,2024-05-14T08:00:00,19.21
9105,23,2024-05-14T09:00:00,20.72
9106,23,2024-05-14T10:00:00,22.0
9107,23,2024-05-14T11:00:00,22.83
9108,23,2024-05-14T12:00:00,23.19
9109,23,2024-05-14T13:00:00,23.16
9110,23,2024-05-14T14:00:00,22.92
9111,23,2024-05-14T15:00:00,22.26
9112,23,2024-05-14T16:00:00,20.25
9113,23,2024-05-14T17:00:00,18.81
9114,23,2024-05-14T18:00:00,17.26
9115,23,2024-05-14T19:00:00,15.91
9116,23,2024-05-14T20:00:00,15.17
9117,23,2024-05-14T21:00:00,14.64
9118,23,2024-05-14T22:00:00,13.69
9119,23,2024-05-14T23:00:00,13.27
9120,23,2024-05-15T00:00:00,12.73
9121,23,2024-05-15T01:00:00,12.31
9122,23,2024-05-15T02:00:00,12.0
9123,23,2024-05-15T03:00:00,11.88
9124,23,2024-05-15T04:00:00,11.96
9125,23,2024-05-15T05:00:00,12.01
9126,23,2024-05-15T06:00:00,12.72
9127,23,2024-05-15T07:00:00,13.08
9128,23,2024-05-15T08:00:00,12.67
9129,23,2024-05-15T09:00:00,12.65
9130,23,2024-05-15T10:00:00,13.22
9131,23,2024-05-15T11:00:00,13.83
9132,23,2024-05-15T12:00:00,14.33
9133,23,2024-05-15T13:00:00,14.47
9134,23,2024-05-15T14:00:00,14.24
9135,23,2024-05-15T15:00:00,13.9
9136,23,2024-05-15T16:00:00,14.0
9137,23,2024-05-15T17:00:00,13.98
9138,23,2024-05-15T18:00:00,13.73
9139,23,2024-05-15T19:00:00,13.46
9140,23,2024-05-15T20:00:00,13.13
9141,23,2024-05-15T21:00:00,12.88
9142,23,2024-05-15T22:00:00,12.76
9143,23,2024-05-15T23:00:00,12.83
9144,23,2024-05-16T00:00:00,12.75
9145,23,2024-05-16T01:00:00,12.71
9146,23,2024-05-16T02:00:00,12.57
9147,23,2024-05-16T03:00:00,12.53
9148,23,2024-05-16T04:00:00,12.46
9149,23,2024-05-16T05:00:00,12.26
9150,23,2024-05-16T06:00:00,12.42
9151,23,2024-05-16T07:00:00,12.81
9152,23,2024-05-16T08:00:00,13.39
9153,23,2024-05-16T09:00:00,14.01
9154,23,2024-05-16T10:00:00,14.68
9155,23,2024-05-16T11:00:00,15.08
9156,23,2024-05-16T12:00:00,14.56
9157,23,2024-05-16T13:00:00,14.21
9158,23,2024-05-16T14:00:00,15.1
9159,23,2024-05-16T15:00:00,14.81
9160,23,2024-05-16T16:00:00,15.67
9161,23,2024-05-16T17:00:00,15.43
9162,23,2024-05-16T18:00:00,15.07
9163,23,2024-05-16T19:00:00,14.56
9164,23,2024-05-16T20:00:00,12.57
9165,23,2024-05-16T21:00:00,10.98
9166,23,2024-05-16T22:00:00,10.47
9167,23,2024-05-16T23:00:00,10.36
9168,23,2024-05-17T00:00:00,10.29
9169,23,2024-05-17T01:00:00,10.44
9170,23,2024-05-17T02:00:00,10.68
9171,23,2024-05-17T03:00:00,10.87
9172,23,2024-05-17T04:00:00,11.02
9173,23,2024-05-17T05:00:00,11.16
9174,23,2024-05-17T06:00:00,11.39
9175,23,2024-05-17T07:00:00,11.71
9176,23,2024-05-17T08:00:00,11.92
9177,23,2024-05-17T09:00:00,12.1
9178,23,2024-05-17T10:00:00,12.32
9179,23,2024-05-17T11:00:00,12.77
9180,23,2024-05-17T12:00:00,13.08
9181,23,2024-05-17T13:00:00,13.34
9182,23,2024-05-17T14:00:00,13.09
9183,23,2024-05-17T15:00:00,12.86
9184,23,2024-05-17T16:00:00,12.8
9185,23,2024-05-17T17:00:00,12.73
9186,23,2024-05-17T18:00:00,12.61
9187,23,2024-05-17T19:00:00,12.15
9188,23,2024-05-17T20:00:00,11.93
9189,23,2024-05-17T21:00:00,11.88
9190,23,2024-05-17T22:00:00,11.81
9191,23,2024-05-17T23:00:00,11.71
9192,23,2024-05-18T00:00:00,11.6
9193,23,2024-05-18T01:00:00,11.53
9194,23,2024-05-18T02:00:00,11.5
9195,23,2024-05-18T03:00:00,11.41
9196,23,2024-05-18T04:00:00,11.35
9197,23,2024-05-18T05:00:00,11.23
9198,23,2024-05-18T06:00:00,11.21
9199,23,2024-05-18T07:00:00,11.36
9200,23,2024-05-18T08:00:00,11.64
9201,23,2024-05-18T09:00:00,11.96
9202,23,2024-05-18T10:00:00,12.47
9203,23,2024-05-18T11:00:00,12.68
9204,23,2024-05-18T12:00:00,13.14
9205,23,2024-05-18T13:00:00,14.03
9206,23,2024-05-18T14:00:00,14.97
9207,23,2024-05-18T15:00:00,15.8
9208,23,2024-05-18T16:00:00,15.25
9209,23,2024-05-18T17:00:00,14.44
9210,23,2024-05-18T18:00:00,13.37
9211,23,2024-05-18T19:00:00,12.32
9212,23,2024-05-18T20:00:00,11.54
9213,23,2024-05-18T21:00:00,11.25
9214,23,2024-05-18T22:00:00,11.1
9215,23,2024-05-18T23:00:00,10.82
9216,23,2024-05-19T00:00:00,10.63
9217,23,2024-05-19T01:00:00,10.28
9218,23,2024-05-19T02:00:00,10.61
9219,23,2024-05-19T03:00:00,10.74
9220,23,2024-05-19T04:00:00,10.7
9221,23,2024-05-19T05:00:00,10.63
9222,23,2024-05-19T06:00:00,10.76
9223,23,2024-05-19T07:00:00,11.1
9224,23,2024-05-19T08:00:00,11.45
9225,23,2024-05-19T09:00:00,12.26
9226,23,2024-05-19T10:00:00,13.12
9227,23,2024-05-19T11:00:00,14.09
9228,23,2024-05-19T12:00:00,14.82
9229,23,2024-05-19T13:00:00,15.04
9230,23,2024-05-19T14:00:00,15.78
9231,23,2024-05-19T15:00:00,16.59
9232,23,2024-05-19T16:00:00,16.8
9233,23,2024-05-19T17:00:00,14.89
9234,23,2024-05-19T18:00:00,14.0
9235,23,2024-05-19T19:00:00,12.98
9236,23,2024-05-19T20:00:00,12.01
9237,23,2024-05-19T21:00:00,11.77
9238,23,2024-05-19T22:00:00,11.3
9239,23,2024-05-19T23:00:00,10.98
9240,23,2024-05-20T00:00:00,10.36
9241,23,2024-05-20T01:00:00,10.02
9242,23,2024-05-20T02:00:00,9.76
9243,23,2024-05-20T03:00:00,9.41
9244,23,2024-05-20T04:00:00,9.02
9245,23,2024-05-20T05:00:00,9.3
9246,23,2024-05-20T06:00:00,10.57
9247,23,2024-05-20T07:00:00,11.9
9248,23,2024-05-20T08:00:00,13.24
9249,23,2024-05-20T09:00:00,14.76
9250,23,2024-05-20T10:00:00,15.49
9251,23,2024-05-20T11:00:00,16.38
9252,23,2024-05-20T12:00:00,16.68
9253,23,2024-05-20T13:00:00,15.96
9254,23,2024-05-20T14:00:00,16.49
9255,23,2024-05-20T15:00:00,17.76
9256,23,2024-05-20T16:00:00,17.61
9257,23,2024-05-20T17:00:00,16.96
9258,23,2024-05-20T18:00:00,16.52
9259,23,2024-05-20T19:00:00,15.93
9260,23,2024-05-20T20:00:00,14.01
9261,23,2024-05-20T21:00:00,13.26
9262,23,2024-05-20T22:00:00,12.67
9263,23,2024-05-20T23:00:00,12.62
9264,23,2024-05-21T00:00:00,12.56
9265,23,2024-05-21T01:00:00,12.04
9266,23,2024-05-21T02:00:00,11.66
9267,23,2024-05-21T03:00:00,11.59
9268,23,2024-05-21T04:00:00,11.56
9269,23,2024-05-21T05:00:00,12.03
9270,23,2024-05-21T06:00:00,13.6
9271,23,2024-05-21T07:00:00,14.71
9272,23,2024-05-21T08:00:00,14.62
9273,23,2024-05-21T09:00:00,14.68
9274,23,2024-05-21T10:00:00,14.73
9275,23,2024-05-21T11:00:00,14.96
9276,23,2024-05-21T12:00:00,15.24
9277,23,2024-05-21T13:00:00,15.03
9278,23,2024-05-21T14:00:00,14.87
9279,23,2024-05-21T15:00:00,14.45
9280,23,2024-05-21T16:00:00,13.85
9281,23,2024-05-21T17:00:00,13.68
9282,23,2024-05-21T18:00:00,13.37
9283,23,2024-05-21T19:00:00,13.02
9284,23,2024-05-21T20:00:00,12.66
9285,23,2024-05-21T21:00:00,12.5
9286,23,2024-05-21T22:00:00,12.33
9287,23,2024-05-21T23:00:00,12.09
9288,23,2024-05-22T00:00:00,11.93
9289,23,2024-05-22T01:00:00,11.63
9290,23,2024-05-22T02:00:00,11.65
9291,23,2024-05-22T03:00:00,11.85
9292,23,2024-05-22T04:00:00,11.7
9293,23,2024-05-22T05:00:00,11.49
9294,23,2024-05-22T06:00:00,11.65
9295,23,2024-05-22T07:00:00,11.83
9296,23,2024-05-22T08:00:00,11.85
9297,23,2024-05-22T09:00:00,11.95
9298,23,2024-05-22T10:00:00,11.87
9299,23,2024-05-22T11:00:00,12.21
9300,23,2024-05-22T12:00:00,12.94
9301,23,2024-05-22T13:00:00,14.46
9302,23,2024-05-22T14:00:00,15.67
9303,23,2024-05-22T15:00:00,16.14
9304,23,2024-05-22T16:00:00,16.09
9305,23,2024-05-22T17:00:00,15.73
9306,23,2024-05-22T18:00:00,15.32
9307,23,2024-05-22T19:00:00,14.06
9308,23,2024-05-22T20:00:00,12.35
9309,23,2024-05-22T21:00:00,10.36
9310,23,2024-05-22T22:00:00,9.74
9311,23,2024-05-22T23:00:00,9.3
9312,23,2024-05-23T00:00:00,9.25
9313,23,2024-05-23T01:00:00,9.37
9314,23,2024-05-23T02:00:00,9.31
9315,23,2024-05-23T03:00:00,9.13
9316,23,2024-05-23T04:00:00,8.82
9317,23,2024-05-23T05:00:00,9.18
9318,23,2024-05-23T06:00:00,10.63
9319,23,2024-05-23T07:00:00,12.09
9320,23,2024-05-23T08:00:00,13.53
9321,23,2024-05-23T09:00:00,14.99
9322,23,2024-05-23T10:00:00,15.91
9323,23,2024-05-23T11:00:00,16.64
9324,23,2024-05-23T12:00:00,17.13
9325,23,2024-05-23T13:00:00,17.56
9326,23,2024-05-23T14:00:00,17.48
9327,23,2024-05-23T15:00:00,17.73
9328,23,2024-05-23T16:00:00,18.08
9329,23,2024-05-23T17:00:00,17.62
9330,23,2024-05-23T18:00:00,16.49
9331,23,2024-05-23T19:00:00,15.42
9332,23,2024-05-23T20:00:00,14.54
9333,23,2024-05-23T21:00:00,13.34
9334,23,2024-05-23T22:00:00,12.27
9335,23,2024-05-23T23:00:00,11.71
9336,23,2024-05-24T00:00:00,11.48
9337,23,2024-05-24T01:00:00,11.09
9338,23,2024-05-24T02:00:00,10.69
9339,23,2024-05-24T03:00:00,10.24
9340,23,2024-05-24T04:00:00,10.42
9341,23,2024-05-24T05:00:00,10.83
9342,23,2024-05-24T06:00:00,11.24
9343,23,2024-05-24T07:00:00,11.56
9344,23,2024-05-24T08:00:00,11.81
9345,23,2024-05-24T09:00:00,11.87
9346,23,2024-05-24T10:00:00,11.98
9347,23,2024-05-24T11:00:00,12.5
9348,23,2024-05-24T12:00:00,13.09
9349,23,2024-05-24T13:00:00,13.57
9350,23,2024-05-24T14:00:00,13.76
9351,23,2024-05-24T15:00:00,13.73
9352,23,2024-05-24T16:00:00,13.86
9353,23,2024-05-24T17:00:00,13.4
9354,23,2024-05-24T18:00:00,12.63
9355,23,2024-05-24T19:00:00,12.28
9356,23,2024-05-24T20:00:00,11.87
9357,23,2024-05-24T21:00:00,11.5
9358,23,2024-05-24T22:00:00,11.33
9359,23,2024-05-24T23:00:00,11.41
9360,23,2024-05-25T00:00:00,11.35
9361,23,2024-05-25T01:00:00,11.24
9362,23,2024-05-25T02:00:00,11.03
9363,23,2024-05-25T03:00:00,10.89
9364,23,2024-05-25T04:00:00,10.71
9365,23,2024-05-25T05:00:00,10.7
9366,23,2024-05-25T06:00:00,10.73
9367,23,2024-05-25T07:00:00,10.88
9368,23,2024-05-25T08:00:00,11.25
9369,23,2024-05-25T09:00:00,11.64
9370,23,2024-05-25T10:00:00,12.26
9371,23,2024-05-25T11:00:00,13.12
9372,23,2024-05-25T12:00:00,14.21
9373,23,2024-05-25T13:00:00,14.93
9374,23,2024-05-25T14:00:00,16.24
9375,23,2024-05-25T15:00:00,16.71
9376,23,2024-05-25T16:00:00,17.2
9377,23,2024-05-25T17:00:00,17.3
9378,23,2024-05-25T18:00:00,16.85
9379,23,2024-05-25T19:00:00,15.92
9380,23,2024-05-25T20:00:00,14.23
9381,23,2024-05-25T21:00:00,12.78
9382,23,2024-05-25T22:00:00,11.96
9383,23,2024-05-25T23:00:00,11.57
9384,23,2024-05-26T00:00:00,11.38
9385,23,2024-05-26T01:00:00,11.17
9386,23,2024-05-26T02:00:00,10.9
9387,23,2024-05-26T03:00:00,10.63
9388,23,2024-05-26T04:00:00,10.53
9389,23,2024-05-26T05:00:00,11.24
9390,23,2024-05-26T06:00:00,13.28
9391,23,2024-05-26T07:00:00,14.39
9392,23,2024-05-26T08:00:00,15.57
9393,23,2024-05-26T09:00:00,16.48
9394,23,2024-05-26T10:00:00,17.64
9395,23,2024-05-26T11:00:00,18.2
9396,23,2024-05-26T12:00:00,18.94
9397,23,2024-05-26T13:00:00,19.65
9398,23,2024-05-26T14:00:00,19.99
9399,23,2024-05-26T15:00:00,18.67
9400,23,2024-05-26T16:00:00,16.47
9401,23,2024-05-26T17:00:00,15.28
9402,23,2024-05-26T18:00:00,14.12
9403,23,2024-05-26T19:00:00,13.57
9404,23,2024-05-26T20:00:00,12.92
9405,23,2024-05-26T21:00:00,12.1
9406,23,2024-05-26T22:00:00,11.93
9407,23,2024-05-26T23:00:00,11.9
9408,23,2024-05-27T00:00:00,11.65
9409,23,2024-05-27T01:00:00,11.32
9410,23,2024-05-27T02:00:00,10.98
9411,23,2024-05-27T03:00:00,10.93
9412,23,2024-05-27T04:00:00,10.84
9413,23,2024-05-27T05:00:00,10.81
9414,23,2024-05-27T06:00:00,11.6
9415,23,2024-05-27T07:00:00,12.34
9416,23,2024-05-27T08:00:00,13.36
9417,23,2024-05-27T09:00:00,14.06
9418,23,2024-05-27T10:00:00,14.56
9419,23,2024-05-27T11:00:00,15.1
9420,23,2024-05-27T12:00:00,15.43
9421,23,2024-05-27T13:00:00,14.84
9422,23,2024-05-27T14:00:00,13.59
9423,23,2024-05-27T15:00:00,13.21
9424,23,2024-05-27T16:00:00,11.75
9425,23,2024-05-27T17:00:00,11.8
9426,23,2024-05-27T18:00:00,11.59
9427,23,2024-05-27T19:00:00,11.24
9428,23,2024-05-27T20:00:00,10.61
9429,23,2024-05-27T21:00:00,9.88
9430,23,2024-05-27T22:00:00,9.35
9431,23,2024-05-27T23:00:00,9.02
9432,23,2024-05-28T00:00:00,8.33
9433,23,2024-05-28T01:00:00,7.87
9434,23,2024-05-28T02:00:00,7.45
9435,23,2024-05-28T03:00:00,7.17
9436,23,2024-05-28T04:00:00,6.87
9437,23,2024-05-28T05:00:00,7.12
9438,23,2024-05-28T06:00:00,8.47
9439,23,2024-05-28T07:00:00,9.73
9440,23,2024-05-28T08:00:00,11.04
9441,23,2024-05-28T09:00:00,12.37
9442,23,2024-05-28T10:00:00,13.77
9443,23,2024-05-28T11:00:00,14.7
9444,23,2024-05-28T12:00:00,15.35
9445,23,2024-05-28T13:00:00,15.61
9446,23,2024-05-28T14:00:00,14.61
9447,23,2024-05-28T15:00:00,13.33
9448,23,2024-05-28T16:00:00,12.45
9449,23,2024-05-28T17:00:00,12.54
9450,23,2024-05-28T18:00:00,12.46
9451,23,2024-05-28T19:00:00,12.41
9452,23,2024-05-28T20:00:00,12.37
9453,23,2024-05-28T21:00:00,12.43
9454,23,2024-05-28T22:00:00,12.6
9455,23,2024-05-28T23:00:00,12.69
9456,23,2024-05-29T00:00:00,12.78
9457,23,2024-05-29T01:00:00,12.77
9458,23,2024-05-29T02:00:00,12.7
9459,23,2024-05-29T03:00:00,12.45
9460,23,2024-05-29T04:00:00,12.13
9461,23,2024-05-29T05:00:00,12.13
9462,23,2024-05-29T06:00:00,12.27
9463,23,2024-05-29T07:00:00,12.49
9464,23,2024-05-29T08:00:00,12.72
9465,23,2024-05-29T09:00:00,13.25
9466,23,2024-05-29T10:00:00,13.49
9467,23,2024-05-29T11:00:00,14.1
9468,23,2024-05-29T12:00:00,14.28
9469,23,2024-05-29T13:00:00,14.17
9470,23,2024-05-29T14:00:00,14.3
9471,23,2024-05-29T15:00:00,14.56
9472,23,2024-05-29T16:00:00,15.26
9473,23,2024-05-29T17:00:00,14.67
9474,23,2024-05-29T18:00:00,14.15
9475,23,2024-05-29T19:00:00,14.04
9476,23,2024-05-29T20:00:00,13.52
9477,23,2024-05-29T21:00:00,12.96
9478,23,2024-05-29T22:00:00,12.7
9479,23,2024-05-29T23:00:00,12.31
9480,23,2024-05-30T00:00:00,11.69
9481,23,2024-05-30T01:00:00,11.06
9482,23,2024-05-30T02:00:00,11.05
9483,23,2024-05-30T03:00:00,10.87
9484,23,2024-05-30T04:00:00,10.43
9485,23,2024-05-30T05:00:00,10.26
9486,23,2024-05-30T06:00:00,10.82
9487,23,2024-05-30T07:00:00,11.59
9488,23,2024-05-30T08:00:00,12.19
9489,23,2024-05-30T09:00:00,12.61
9490,23,2024-05-30T10:00:00,13.04
9491,23,2024-05-30T11:00:00,13.7
9492,23,2024-05-30T12:00:00,13.97
9493,23,2024-05-30T13:00:00,13.84
9494,23,2024-05-30T14:00:00,13.26
9495,23,2024-05-30T15:00:00,13.07
9496,23,2024-05-30T16:00:00,13.12
9497,23,2024-05-30T17:00:00,12.92
9498,23,2024-05-30T18:00:00,12.58
9499,23,2024-05-30T19:00:00,12.13
9500,23,2024-05-30T20:00:00,11.4
9501,23,2024-05-30T21:00:00,10.99
9502,23,2024-05-30T22:00:00,10.35
9503,23,2024-05-30T23:00:00,10.03
9504,23,2024-05-31T00:00:00,10.08
9505,23,2024-05-31T01:00:00,10.13
9506,23,2024-05-31T02:00:00,10.09
9507,23,2024-05-31T03:00:00,10.01
9508,23,2024-05-31T04:00:00,10.07
9509,23,2024-05-31T05:00:00,10.26
9510,23,2024-05-31T06:00:00,10.53
9511,23,2024-05-31T07:00:00,10.86
9512,23,2024-05-31T08:00:00,11.3
9513,23,2024-05-31T09:00:00,11.74
9514,23,2024-05-31T10:00:00,12.21
9515,23,2024-05-31T11:00:00,12.55
9516,23,2024-05-31T12:00:00,13.15
9517,23,2024-05-31T13:00:00,13.76
9518,23,2024-05-31T14:00:00,14.32
9519,23,2024-05-31T15:00:00,14.71
9520,23,2024-05-31T16:00:00,14.56
9521,23,2024-05-31T17:00:00,13.58
9522,23,2024-05-31T18:00:00,13.7
9523,23,2024-05-31T19:00:00,13.4
9524,23,2024-05-31T20:00:00,12.56
9525,23,2024-05-31T21:00:00,12.25
9526,23,2024-05-31T22:00:00,12.23
9527,23,2024-05-31T23:00:00,12.25
9528,23,2024-06-01T00:00:00,12.19
9529,23,2024-06-01T01:00:00,11.96
9530,23,2024-06-01T02:00:00,11.78
9531,23,2024-06-01T03:00:00,11.64
9532,23,2024-06-01T04:00:00,11.47
9533,23,2024-06-01T05:00:00,11.32
9534,23,2024-06-01T06:00:00,11.33
9535,23,2024-06-01T07:00:00,11.59
9536,23,2024-06-01T08:00:00,11.84
9537,23,2024-06-01T09:00:00,12.38
9538,23,2024-06-01T10:00:00,12.81
9539,23,2024-06-01T11:00:00,13.31
9540,23,2024-06-01T12:00:00,13.79
9541,23,2024-06-01T13:00:00,14.16
9542,23,2024-06-01T14:00:00,14.44
9543,23,2024-06-01T15:00:00,14.59
9544,23,2024-06-01T16:00:00,14.61
9545,23,2024-06-01T17:00:00,14.47
9546,23,2024-06-01T18:00:00,14.24
9547,23,2024-06-01T19:00:00,14.08
9548,23,2024-06-01T20:00:00,13.82
9549,23,2024-06-01T21:00:00,13.48
9550,23,2024-06-01T22:00:00,13.16
9551,23,2024-06-01T23:00:00,12.9
9552,23,2024-06-02T00:00:00,12.63
9553,23,2024-06-02T01:00:00,12.34
9554,23,2024-06-02T02:00:00,12.08
9555,23,2024-06-02T03:00:00,11.8
9556,23,2024-06-02T04:00:00,11.53
9557,23,2024-06-02T05:00:00,11.28
9558,23,2024-06-02T06:00:00,11.11
9559,23,2024-06-02T07:00:00,10.98
9560,23,2024-06-02T08:00:00,10.93
9561,23,2024-06-02T09:00:00,11.06
9562,23,2024-06-02T10:00:00,11.28
9563,23,2024-06-02T11:00:00,11.72
9564,23,2024-06-02T12:00:00,12.18
9565,23,2024-06-02T13:00:00,12.62
9566,23,2024-06-02T14:00:00,12.88
9567,23,2024-06-02T15:00:00,13.28
9568,23,2024-06-02T16:00:00,13.44
9569,23,2024-06-02T17:00:00,13.42
9570,23,2024-06-02T18:00:00,13.12
9571,23,2024-06-02T19:00:00,12.71
9572,23,2024-06-02T20:00:00,11.96
9573,23,2024-06-02T21:00:00,11.23
9574,23,2024-06-02T22:00:00,10.43
9575,23,2024-06-02T23:00:00,9.7
9576,23,2024-06-03T00:00:00,9.03
9577,23,2024-06-03T01:00:00,8.13
9578,23,2024-06-03T02:00:00,7.6
9579,23,2024-06-03T03:00:00,7.38
9580,23,2024-06-03T04:00:00,7.46
9581,23,2024-06-03T05:00:00,7.84
9582,23,2024-06-03T06:00:00,8.26
9583,23,2024-06-03T07:00:00,8.78
9584,23,2024-06-03T08:00:00,9.62
9585,23,2024-06-03T09:00:00,10.23
9586,23,2024-06-03T10:00:00,10.76
9587,23,2024-06-03T11:00:00,11.52
9588,23,2024-06-03T12:00:00,11.88
9589,23,2024-06-03T13:00:00,12.47
9590,23,2024-06-03T14:00:00,13.1
9591,23,2024-06-03T15:00:00,13.42
9592,23,2024-06-03T16:00:00,13.97
9593,23,2024-06-03T17:00:00,13.56
9594,23,2024-06-03T18:00:00,13.17
9595,23,2024-06-03T19:00:00,12.71
9596,23,2024-06-03T20:00:00,11.48
9597,23,2024-06-03T21:00:00,10.76
9598,23,2024-06-03T22:00:00,9.83
9599,23,2024-06-03T23:00:00,9.48
9600,23,2024-06-04T00:00:00,9.13
9601,23,2024-06-04T01:00:00,9.33
9602,23,2024-06-04T02:00:00,9.29
9603,23,2024-06-04T03:00:00,9.62
9604,23,2024-06-04T04:00:00,9.69
9605,23,2024-06-04T05:00:00,9.97
9606,23,2024-06-04T06:00:00,10.71
9607,23,2024-06-04T07:00:00,12.0
9608,23,2024-06-04T08:00:00,13.56
9609,23,2024-06-04T09:00:00,14.34
9610,23,2024-06-04T10:00:00,15.38
9611,23,2024-06-04T11:00:00,16.32
9612,23,2024-06-04T12:00:00,17.35
9613,23,2024-06-04T13:00:00,17.88
9614,23,2024-06-04T14:00:00,17.99
9615,23,2024-06-04T15:00:00,18.19
9616,23,2024-06-04T16:00:00,17.98
9617,23,2024-06-04T17:00:00,17.94
9618,23,2024-06-04T18:00:00,17.92
9619,23,2024-06-04T19:00:00,16.83
9620,23,2024-06-04T20:00:00,16.01
9621,23,2024-06-04T21:00:00,15.22
9622,23,2024-06-04T22:00:00,14.4
9623,23,2024-06-04T23:00:00,13.65
9624,23,2024-06-05T00:00:00,12.85
9625,23,2024-06-05T01:00:00,12.23
9626,23,2024-06-05T02:00:00,11.85
9627,23,2024-06-05T03:00:00,11.74
9628,23,2024-06-05T04:00:00,11.47
9629,23,2024-06-05T05:00:00,11.24
9630,23,2024-06-05T06:00:00,11.11
9631,23,2024-06-05T07:00:00,11.37
9632,23,2024-06-05T08:00:00,11.67
9633,23,2024-06-05T09:00:00,12.03
9634,23,2024-06-05T10:00:00,12.32
9635,23,2024-06-05T11:00:00,12.83
9636,23,2024-06-05T12:00:00,13.01
9637,23,2024-06-05T13:00:00,13.63
9638,23,2024-06-05T14:00:00,13.8
9639,23,2024-06-05T15:00:00,13.7
9640,23,2024-06-05T16:00:00,13.76
9641,23,2024-06-05T17:00:00,14.2
9642,23,2024-06-05T18:00:00,13.83
9643,23,2024-06-05T19:00:00,13.19
9644,23,2024-06-05T20:00:00,12.18
9645,23,2024-06-05T21:00:00,10.81
9646,23,2024-06-05T22:00:00,8.97
9647,23,2024-06-05T23:00:00,8.3
9648,23,2024-06-06T00:00:00,8.07
9649,23,2024-06-06T01:00:00,7.32
9650,23,2024-06-06T02:00:00,6.7
9651,23,2024-06-06T03:00:00,6.52
9652,23,2024-06-06T04:00:00,6.29
9653,23,2024-06-06T05:00:00,6.61
9654,23,2024-06-06T06:00:00,8.09
9655,23,2024-06-06T07:00:00,9.7
9656,23,2024-06-06T08:00:00,11.21
9657,23,2024-06-06T09:00:00,12.68
9658,23,2024-06-06T10:00:00,14.21
9659,23,2024-06-06T11:00:00,15.15
9660,23,2024-06-06T12:00:00,15.85
9661,23,2024-06-06T13:00:00,16.25
9662,23,2024-06-06T14:00:00,16.78
9663,23,2024-06-06T15:00:00,16.95
9664,23,2024-06-06T16:00:00,16.55
9665,23,2024-06-06T17:00:00,16.01
9666,23,2024-06-06T18:00:00,15.51
9667,23,2024-06-06T19:00:00,14.29
9668,23,2024-06-06T20:00:00,12.35
9669,23,2024-06-06T21:00:00,10.81
9670,23,2024-06-06T22:00:00,9.63
9671,23,2024-06-06T23:00:00,9.13
9672,23,2024-06-07T00:00:00,9.21
9673,23,2024-06-07T01:00:00,8.49
9674,23,2024-06-07T02:00:00,7.53
9675,23,2024-06-07T03:00:00,6.84
9676,23,2024-06-07T04:00:00,6.25
9677,23,2024-06-07T05:00:00,6.7
9678,23,2024-06-07T06:00:00,9.0
9679,23,2024-06-07T07:00:00,11.23
9680,23,2024-06-07T08:00:00,12.99
9681,23,2024-06-07T09:00:00,14.75
9682,23,2024-06-07T10:00:00,15.71
9683,23,2024-06-07T11:00:00,16.71
9684,23,2024-06-07T12:00:00,17.45
9685,23,2024-06-07T13:00:00,17.79
9686,23,2024-06-07T14:00:00,18.34
9687,23,2024-06-07T15:00:00,18.34
9688,23,2024-06-07T16:00:00,18.33
9689,23,2024-06-07T17:00:00,18.1
9690,23,2024-06-07T18:00:00,17.55
9691,23,2024-06-07T19:00:00,16.27
9692,23,2024-06-07T20:00:00,13.63
9693,23,2024-06-07T21:00:00,11.7
9694,23,2024-06-07T22:00:00,10.5
9695,23,2024-06-07T23:00:00,9.34
9696,23,2024-06-08T00:00:00,8.42
9697,23,2024-06-08T01:00:00,7.62
9698,23,2024-06-08T02:00:00,7.17
9699,23,2024-06-08T03:00:00,6.87
9700,23,2024-06-08T04:00:00,6.48
9701,23,2024-06-08T05:00:00,7.47
9702,23,2024-06-08T06:00:00,10.16
9703,23,2024-06-08T07:00:00,12.31
9704,23,2024-06-08T08:00:00,14.13
9705,23,2024-06-08T09:00:00,15.4
9706,23,2024-06-08T10:00:00,16.39
9707,23,2024-06-08T11:00:00,17.35
9708,23,2024-06-08T12:00:00,18.36
9709,23,2024-06-08T13:00:00,19.08
9710,23,2024-06-08T14:00:00,19.22
9711,23,2024-06-08T15:00:00,19.08
9712,23,2024-06-08T16:00:00,18.36
9713,23,2024-06-08T17:00:00,17.32
9714,23,2024-06-08T18:00:00,15.99
9715,23,2024-06-08T19:00:00,15.09
9716,23,2024-06-08T20:00:00,13.77
9717,23,2024-06-08T21:00:00,12.18
9718,23,2024-06-08T22:00:00,11.59
9719,23,2024-06-08T23:00:00,11.02
9720,23,2024-06-09T00:00:00,10.27
9721,23,2024-06-09T01:00:00,9.63
9722,23,2024-06-09T02:00:00,9.0
9723,23,2024-06-09T03:00:00,8.3
9724,23,2024-06-09T04:00:00,7.09
9725,23,2024-06-09T05:00:00,7.42
9726,23,2024-06-09T06:00:00,9.73
9727,23,2024-06-09T07:00:00,11.72
9728,23,2024-06-09T08:00:00,12.94
9729,23,2024-06-09T09:00:00,14.14
9730,23,2024-06-09T10:00:00,15.02
9731,23,2024-06-09T11:00:00,15.67
9732,23,2024-06-09T12:00:00,16.51
9733,23,2024-06-09T13:00:00,17.06
9734,23,2024-06-09T14:00:00,17.44
9735,23,2024-06-09T15:00:00,17.47
9736,23,2024-06-09T16:00:00,17.31
9737,23,2024-06-09T17:00:00,16.68
9738,23,2024-06-09T18:00:00,15.84
9739,23,2024-06-09T19:00:00,14.36
9740,23,2024-06-09T20:00:00,12.18
9741,23,2024-06-09T21:00:00,10.12
9742,23,2024-06-09T22:00:00,9.01
9743,23,2024-06-09T23:00:00,8.0
9744,23,2024-06-10T00:00:00,7.23
9745,23,2024-06-10T01:00:00,6.46
9746,23,2024-06-10T02:00:00,5.77
9747,23,2024-06-10T03:00:00,5.71
9748,23,2024-06-10T04:00:00,5.71
9749,23,2024-06-10T05:00:00,6.75
9750,23,2024-06-10T06:00:00,8.45
9751,23,2024-06-10T07:00:00,9.33
9752,23,2024-06-10T08:00:00,10.71
9753,23,2024-06-10T09:00:00,11.19
9754,23,2024-06-10T10:00:00,11.24
9755,23,2024-06-10T11:00:00,11.12
9756,23,2024-06-10T12:00:00,10.89
9757,23,2024-06-10T13:00:00,10.79
9758,23,2024-06-10T14:00:00,10.69
9759,23,2024-06-10T15:00:00,10.49
9760,23,2024-06-10T16:00:00,10.33
9761,23,2024-06-10T17:00:00,9.4
9762,23,2024-06-10T18:00:00,8.89
9763,23,2024-06-10T19:00:00,8.54
9764,23,2024-06-10T20:00:00,8.2
9765,23,2024-06-10T21:00:00,7.75
9766,23,2024-06-10T22:00:00,7.56
9767,23,2024-06-10T23:00:00,7.44
9768,23,2024-06-11T00:00:00,7.18
9769,23,2024-06-11T01:00:00,6.67
9770,23,2024-06-11T02:00:00,6.41
9771,23,2024-06-11T03:00:00,6.39
9772,23,2024-06-11T04:00:00,6.08
9773,23,2024-06-11T05:00:00,6.32
9774,23,2024-06-11T06:00:00,7.05
9775,23,2024-06-11T07:00:00,8.07
9776,23,2024-06-11T08:00:00,9.09
9777,23,2024-06-11T09:00:00,10.34
9778,23,2024-06-11T10:00:00,11.45
9779,23,2024-06-11T11:00:00,12.14
9780,23,2024-06-11T12:00:00,12.4
9781,23,2024-06-11T13:00:00,13.04
9782,23,2024-06-11T14:00:00,13.29
9783,23,2024-06-11T15:00:00,13.35
9784,23,2024-06-11T16:00:00,13.28
9785,23,2024-06-11T17:00:00,12.67
9786,23,2024-06-11T18:00:00,12.58
9787,23,2024-06-11T19:00:00,11.45
9788,23,2024-06-11T20:00:00,9.54
9789,23,2024-06-11T21:00:00,8.48
9790,23,2024-06-11T22:00:00,7.49
9791,23,2024-06-11T23:00:00,6.62
9792,23,2024-06-12T00:00:00,5.96
9793,23,2024-06-12T01:00:00,5.36
9794,23,2024-06-12T02:00:00,5.34
9795,23,2024-06-12T03:00:00,5.21
9796,23,2024-06-12T04:00:00,5.26
9797,23,2024-06-12T05:00:00,5.69
9798,23,2024-06-12T06:00:00,6.89
9799,23,2024-06-12T07:00:00,8.08
9800,23,2024-06-12T08:00:00,9.52
9801,23,2024-06-12T09:00:00,11.02
9802,23,2024-06-12T10:00:00,10.88
9803,23,2024-06-12T11:00:00,11.68
9804,23,2024-06-12T12:00:00,12.0
9805,23,2024-06-12T13:00:00,11.46
9806,23,2024-06-12T14:00:00,11.42
9807,23,2024-06-12T15:00:00,11.68
9808,23,2024-06-12T16:00:00,11.64
9809,23,2024-06-12T17:00:00,11.53
9810,23,2024-06-12T18:00:00,11.45
9811,23,2024-06-12T19:00:00,10.7
9812,23,2024-06-12T20:00:00,9.8
9813,23,2024-06-12T21:00:00,8.64
9814,23,2024-06-12T22:00:00,7.64
9815,23,2024-06-12T23:00:00,7.02
9816,23,2024-06-13T00:00:00,6.86
9817,23,2024-06-13T01:00:00,5.99
9818,23,2024-06-13T02:00:00,5.28
9819,23,2024-06-13T03:00:00,4.66
9820,23,2024-06-13T04:00:00,4.55
9821,23,2024-06-13T05:00:00,5.46
9822,23,2024-06-13T06:00:00,7.77
9823,23,2024-06-13T07:00:00,10.2
9824,23,2024-06-13T08:00:00,12.11
9825,23,2024-06-13T09:00:00,13.56
9826,23,2024-06-13T10:00:00,14.26
9827,23,2024-06-13T11:00:00,14.99
9828,23,2024-06-13T12:00:00,15.3
9829,23,2024-06-13T13:00:00,16.01
9830,23,2024-06-13T14:00:00,16.51
9831,23,2024-06-13T15:00:00,16.77
9832,23,2024-06-13T16:00:00,16.79
9833,23,2024-06-13T17:00:00,16.58
9834,23,2024-06-13T18:00:00,16.0
9835,23,2024-06-13T19:00:00,15.19
9836,23,2024-06-13T20:00:00,13.99
9837,23,2024-06-13T21:00:00,13.01
9838,23,2024-06-13T22:00:00,12.83
9839,23,2024-06-13T23:00:00,12.74
9840,23,2024-06-14T00:00:00,12.39
9841,23,2024-06-14T01:00:00,12.58
9842,23,2024-06-14T02:00:00,12.21
9843,23,2024-06-14T03:00:00,11.2
9844,23,2024-06-14T04:00:00,10.42
9845,23,2024-06-14T05:00:00,10.41
9846,23,2024-06-14T06:00:00,10.87
9847,23,2024-06-14T07:00:00,11.4
9848,23,2024-06-14T08:00:00,12.02
9849,23,2024-06-14T09:00:00,12.41
9850,23,2024-06-14T10:00:00,12.76
9851,23,2024-06-14T11:00:00,13.01
9852,23,2024-06-14T12:00:00,13.75
9853,23,2024-06-14T13:00:00,14.39
9854,23,2024-06-14T14:00:00,15.94
9855,23,2024-06-14T15:00:00,16.59
9856,23,2024-06-14T16:00:00,17.22
9857,23,2024-06-14T17:00:00,17.6
9858,23,2024-06-14T18:00:00,17.3
9859,23,2024-06-14T19:00:00,17.02
9860,23,2024-06-14T20:00:00,15.67
9861,23,2024-06-14T21:00:00,14.79
9862,23,2024-06-14T22:00:00,14.05
9863,23,2024-06-14T23:00:00,13.16
9864,23,2024-06-15T00:00:00,12.43
9865,23,2024-06-15T01:00:00,12.23
9866,23,2024-06-15T02:00:00,12.16
9867,23,2024-06-15T03:00:00,11.91
9868,23,2024-06-15T04:00:00,11.42
9869,23,2024-06-15T05:00:00,10.56
9870,23,2024-06-15T06:00:00,9.73
9871,23,2024-06-15T07:00:00,9.82
9872,23,2024-06-15T08:00:00,10.31
9873,23,2024-06-15T09:00:00,11.47
9874,23,2024-06-15T10:00:00,12.51
9875,23,2024-06-15T11:00:00,13.56
9876,23,2024-06-15T12:00:00,14.88
9877,23,2024-06-15T13:00:00,15.33
9878,23,2024-06-15T14:00:00,15.52
9879,23,2024-06-15T15:00:00,15.27
9880,23,2024-06-15T16:00:00,14.87
9881,23,2024-06-15T17:00:00,14.4
9882,23,2024-06-15T18:00:00,14.05
9883,23,2024-06-15T19:00:00,13.52
9884,23,2024-06-15T20:00:00,12.91
9885,23,2024-06-15T21:00:00,12.24
9886,23,2024-06-15T22:00:00,11.96
9887,23,2024-06-15T23:00:00,11.9
9888,23,2024-06-16T00:00:00,11.75
9889,23,2024-06-16T01:00:00,11.38
9890,23,2024-06-16T02:00:00,11.25
9891,23,2024-06-16T03:00:00,11.0
9892,23,2024-06-16T04:00:00,10.94
9893,23,2024-06-16T05:00:00,10.88
9894,23,2024-06-16T06:00:00,11.22
9895,23,2024-06-16T07:00:00,11.68
9896,23,2024-06-16T08:00:00,11.78
9897,23,2024-06-16T09:00:00,12.17
9898,23,2024-06-16T10:00:00,12.43
9899,23,2024-06-16T11:00:00,12.46
9900,23,2024-06-16T12:00:00,12.75
9901,23,2024-06-16T13:00:00,12.73
9902,23,2024-06-16T14:00:00,13.4
9903,23,2024-06-16T15:00:00,14.05
9904,23,2024-06-16T16:00:00,14.19
9905,23,2024-06-16T17:00:00,14.67
9906,23,2024-06-16T18:00:00,14.58
9907,23,2024-06-16T19:00:00,14.32
9908,23,2024-06-16T20:00:00,13.8
9909,23,2024-06-16T21:00:00,13.06
9910,23,2024-06-16T22:00:00,12.96
9911,23,2024-06-16T23:00:00,12.51
9912,23,2024-06-17T00:00:00,12.45
9913,23,2024-06-17T01:00:00,12.22
9914,23,2024-06-17T02:00:00,12.12
9915,23,2024-06-17T03:00:00,12.01
9916,23,2024-06-17T04:00:00,12.15
9917,23,2024-06-17T05:00:00,12.52
9918,23,2024-06-17T06:00:00,13.08
9919,23,2024-06-17T07:00:00,13.77
9920,23,2024-06-17T08:00:00,14.53
9921,23,2024-06-17T09:00:00,15.45
9922,23,2024-06-17T10:00:00,15.94
9923,23,2024-06-17T11:00:00,16.63
9924,23,2024-06-17T12:00:00,16.27
9925,23,2024-06-17T13:00:00,16.94
9926,23,2024-06-17T14:00:00,18.05
9927,23,2024-06-17T15:00:00,19.13
9928,23,2024-06-17T16:00:00,18.92
9929,23,2024-06-17T17:00:00,18.81
9930,23,2024-06-17T18:00:00,18.37
9931,23,2024-06-17T19:00:00,17.41
9932,23,2024-06-17T20:00:00,15.84
9933,23,2024-06-17T21:00:00,14.06
9934,23,2024-06-17T22:00:00,12.96
9935,23,2024-06-17T23:00:00,12.45
9936,23,2024-06-18T00:00:00,12.21
9937,23,2024-06-18T01:00:00,12.19
9938,23,2024-06-18T02:00:00,12.69
9939,23,2024-06-18T03:00:00,13.27
9940,23,2024-06-18T04:00:00,13.82
9941,23,2024-06-18T05:00:00,14.41
9942,23,2024-06-18T06:00:00,15.3
9943,23,2024-06-18T07:00:00,16.72
9944,23,2024-06-18T08:00:00,17.83
9945,23,2024-06-18T09:00:00,18.15
9946,23,2024-06-18T10:00:00,17.98
9947,23,2024-06-18T11:00:00,17.64
9948,23,2024-06-18T12:00:00,18.07
9949,23,2024-06-18T13:00:00,18.85
9950,23,2024-06-18T14:00:00,18.44
9951,23,2024-06-18T15:00:00,18.24
9952,23,2024-06-18T16:00:00,18.24
9953,23,2024-06-18T17:00:00,17.58
9954,23,2024-06-18T18:00:00,16.74
9955,23,2024-06-18T19:00:00,15.64
9956,23,2024-06-18T20:00:00,15.01
9957,23,2024-06-18T21:00:00,14.62
9958,23,2024-06-18T22:00:00,14.3
9959,23,2024-06-18T23:00:00,14.03
9960,23,2024-06-19T00:00:00,13.82
9961,23,2024-06-19T01:00:00,13.79
9962,23,2024-06-19T02:00:00,13.62
9963,23,2024-06-19T03:00:00,13.38
9964,23,2024-06-19T04:00:00,13.01
9965,23,2024-06-19T05:00:00,12.91
9966,23,2024-06-19T06:00:00,13.01
9967,23,2024-06-19T07:00:00,13.04
9968,23,2024-06-19T08:00:00,13.24
9969,23,2024-06-19T09:00:00,13.45
9970,23,2024-06-19T10:00:00,13.97
9971,23,2024-06-19T11:00:00,14.64
9972,23,2024-06-19T12:00:00,16.06
9973,23,2024-06-19T13:00:00,16.84
9974,23,2024-06-19T14:00:00,17.48
9975,23,2024-06-19T15:00:00,17.42
9976,23,2024-06-19T16:00:00,17.6
9977,23,2024-06-19T17:00:00,17.7
9978,23,2024-06-19T18:00:00,17.52
9979,23,2024-06-19T19:00:00,16.99
9980,23,2024-06-19T20:00:00,15.49
9981,23,2024-06-19T21:00:00,14.17
9982,23,2024-06-19T22:00:00,13.58
9983,23,2024-06-19T23:00:00,13.09
9984,23,2024-06-20T00:00:00,12.7
9985,23,2024-06-20T01:00:00,12.56
9986,23,2024-06-20T02:00:00,12.33
9987,23,2024-06-20T03:00:00,12.26
9988,23,2024-06-20T04:00:00,12.0
9989,23,2024-06-20T05:00:00,12.18
9990,23,2024-06-20T06:00:00,12.73
9991,23,2024-06-20T07:00:00,14.02
9992,23,2024-06-20T08:00:00,15.36
9993,23,2024-06-20T09:00:00,16.18
9994,23,2024-06-20T10:00:00,16.24
9995,23,2024-06-20T11:00:00,16.24
9996,23,2024-06-20T12:00:00,16.06
9997,23,2024-06-20T13:00:00,16.57
9998,23,2024-06-20T14:00:00,17.04
9999,23,2024-06-20T15:00:00,17.42
10000,23,2024-06-20T16:00:00,18.15
10001,23,2024-06-20T17:00:00,18.57
10002,23,2024-06-20T18:00:00,18.09
10003,23,2024-06-20T19:00:00,17.46
10004,23,2024-06-20T20:00:00,16.98
10005,23,2024-06-20T21:00:00,16.43
10006,23,2024-06-20T22:00:00,16.09
10007,23,2024-06-20T23:00:00,15.91
10008,23,2024-06-21T00:00:00,15.86
10009,23,2024-06-21T01:00:00,15.88
10010,23,2024-06-21T02:00:00,15.84
10011,23,2024-06-21T03:00:00,15.64
10012,23,2024-06-21T04:00:00,15.35
10013,23,2024-06-21T05:00:00,15.44
10014,23,2024-06-21T06:00:00,15.67
10015,23,2024-06-21T07:00:00,15.97
10016,23,2024-06-21T08:00:00,16.46
10017,23,2024-06-21T09:00:00,17.14
10018,23,2024-06-21T10:00:00,17.79
10019,23,2024-06-21T11:00:00,17.5
10020,23,2024-06-21T12:00:00,17.27
10021,23,2024-06-21T13:00:00,16.85
10022,23,2024-06-21T14:00:00,15.9
10023,23,2024-06-21T15:00:00,15.11
10024,23,2024-06-21T16:00:00,14.22
10025,23,2024-06-21T17:00:00,13.47
10026,23,2024-06-21T18:00:00,12.38
10027,23,2024-06-21T19:00:00,11.46
10028,23,2024-06-21T20:00:00,11.01
10029,23,2024-06-21T21:00:00,11.17
10030,23,2024-06-21T22:00:00,10.75
10031,23,2024-06-21T23:00:00,10.26
10032,23,2024-06-22T00:00:00,10.29
10033,23,2024-06-22T01:00:00,11.09
10034,23,2024-06-22T02:00:00,11.16
10035,23,2024-06-22T03:00:00,11.61
10036,23,2024-06-22T04:00:00,12.12
10037,23,2024-06-22T05:00:00,12.38
10038,23,2024-06-22T06:00:00,12.53
10039,23,2024-06-22T07:00:00,12.27
10040,23,2024-06-22T08:00:00,12.27
10041,23,2024-06-22T09:00:00,12.75
10042,23,2024-06-22T10:00:00,13.8
10043,23,2024-06-22T11:00:00,14.62
10044,23,2024-06-22T12:00:00,15.73
10045,23,2024-06-22T13:00:00,16.35
10046,23,2024-06-22T14:00:00,16.57
10047,23,2024-06-22T15:00:00,16.24
10048,23,2024-06-22T16:00:00,15.68
10049,23,2024-06-22T17:00:00,15.4
10050,23,2024-06-22T18:00:00,15.72
10051,23,2024-06-22T19:00:00,14.94
10052,23,2024-06-22T20:00:00,13.72
10053,23,2024-06-22T21:00:00,12.65
10054,23,2024-06-22T22:00:00,11.56
10055,23,2024-06-22T23:00:00,11.01
10056,23,2024-06-23T00:00:00,11.29
10057,23,2024-06-23T01:00:00,11.2
10058,23,2024-06-23T02:00:00,11.0
10059,23,2024-06-23T03:00:00,11.04
10060,23,2024-06-23T04:00:00,11.2
10061,23,2024-06-23T05:00:00,11.91
10062,23,2024-06-23T06:00:00,12.36
10063,23,2024-06-23T07:00:00,13.37
10064,23,2024-06-23T08:00:00,14.99
10065,23,2024-06-23T09:00:00,17.14
10066,23,2024-06-23T10:00:00,18.42
10067,23,2024-06-23T11:00:00,18.9
10068,23,2024-06-23T12:00:00,19.64
10069,23,2024-06-23T13:00:00,20.37
10070,23,2024-06-23T14:00:00,20.76
10071,23,2024-06-23T15:00:00,21.11
10072,23,2024-06-23T16:00:00,20.93
10073,23,2024-06-23T17:00:00,21.22
10074,23,2024-06-23T18:00:00,21.24
10075,23,2024-06-23T19:00:00,20.45
10076,23,2024-06-23T20:00:00,18.55
10077,23,2024-06-23T21:00:00,16.15
10078,23,2024-06-23T22:00:00,15.27
10079,23,2024-06-23T23:00:00,14.19
10080,23,2024-06-24T00:00:00,13.64
10081,23,2024-06-24T01:00:00,13.06
10082,23,2024-06-24T02:00:00,12.55
10083,23,2024-06-24T03:00:00,12.32
10084,23,2024-06-24T04:00:00,12.15
10085,23,2024-06-24T05:00:00,12.78
10086,23,2024-06-24T06:00:00,15.14
10087,23,2024-06-24T07:00:00,17.49
10088,23,2024-06-24T08:00:00,19.12
10089,23,2024-06-24T09:00:00,20.46
10090,23,2024-06-24T10:00:00,21.44
10091,23,2024-06-24T11:00:00,22.04
10092,23,2024-06-24T12:00:00,22.65
10093,23,2024-06-24T13:00:00,22.98
10094,23,2024-06-24T14:00:00,23.05
10095,23,2024-06-24T15:00:00,23.71
10096,23,2024-06-24T16:00:00,23.67
10097,23,2024-06-24T17:00:00,23.57
10098,23,2024-06-24T18:00:00,23.22
10099,23,2024-06-24T19:00:00,22.28
10100,23,2024-06-24T20:00:00,20.07
10101,23,2024-06-24T21:00:00,17.88
10102,23,2024-06-24T22:00:00,17.01
10103,23,2024-06-24T23:00:00,16.56
10104,23,2024-06-25T00:00:00,16.43
10105,23,2024-06-25T01:00:00,16.07
10106,23,2024-06-25T02:00:00,15.61
10107,23,2024-06-25T03:00:00,14.72
10108,23,2024-06-25T04:00:00,14.43
10109,23,2024-06-25T05:00:00,15.13
10110,23,2024-06-25T06:00:00,17.7
10111,23,2024-06-25T07:00:00,19.85
10112,23,2024-06-25T08:00:00,21.49
10113,23,2024-06-25T09:00:00,22.76
10114,23,2024-06-25T10:00:00,23.75
10115,23,2024-06-25T11:00:00,24.36
10116,23,2024-06-25T12:00:00,24.94
10117,23,2024-06-25T13:00:00,25.43
10118,23,2024-06-25T14:00:00,25.63
10119,23,2024-06-25T15:00:00,25.9
10120,23,2024-06-25T16:00:00,25.83
10121,23,2024-06-25T17:00:00,25.59
10122,23,2024-06-25T18:00:00,25.13
10123,23,2024-06-25T19:00:00,24.27
10124,23,2024-06-25T20:00:00,21.7
10125,23,2024-06-25T21:00:00,19.62
10126,23,2024-06-25T22:00:00,18.28
10127,23,2024-06-25T23:00:00,17.41
10128,23,2024-06-26T00:00:00,16.22
10129,23,2024-06-26T01:00:00,16.51
10130,23,2024-06-26T02:00:00,15.97
10131,23,2024-06-26T03:00:00,15.04
10132,23,2024-06-26T04:00:00,14.88
10133,23,2024-06-26T05:00:00,15.2
10134,23,2024-06-26T06:00:00,17.95
10135,23,2024-06-26T07:00:00,20.85
10136,23,2024-06-26T08:00:00,22.55
10137,23,2024-06-26T09:00:00,24.04
10138,23,2024-06-26T10:00:00,24.71
10139,23,2024-06-26T11:00:00,25.25
10140,23,2024-06-26T12:00:00,25.82
10141,23,2024-06-26T13:00:00,26.47
10142,23,2024-06-26T14:00:00,26.68
10143,23,2024-06-26T15:00:00,26.73
10144,23,2024-06-26T16:00:00,26.99
10145,23,2024-06-26T17:00:00,26.97
10146,23,2024-06-26T18:00:00,26.73
10147,23,2024-06-26T19:00:00,25.09
10148,23,2024-06-26T20:00:00,22.61
10149,23,2024-06-26T21:00:00,20.31
10150,23,2024-06-26T22:00:00,19.12
10151,23,2024-06-26T23:00:00,17.91
10152,23,2024-06-27T00:00:00,17.1
10153,23,2024-06-27T01:00:00,16.74
10154,23,2024-06-27T02:00:00,16.08
10155,23,2024-06-27T03:00:00,15.69
10156,23,2024-06-27T04:00:00,15.46
10157,23,2024-06-27T05:00:00,16.37
10158,23,2024-06-27T06:00:00,18.71
10159,23,2024-06-27T07:00:00,20.95
10160,23,2024-06-27T08:00:00,22.76
10161,23,2024-06-27T09:00:00,23.77
10162,23,2024-06-27T10:00:00,24.65
10163,23,2024-06-27T11:00:00,25.55
10164,23,2024-06-27T12:00:00,26.15
10165,23,2024-06-27T13:00:00,26.61
10166,23,2024-06-27T14:00:00,26.92
10167,23,2024-06-27T15:00:00,27.31
10168,23,2024-06-27T16:00:00,26.57
10169,23,2024-06-27T17:00:00,25.13
10170,23,2024-06-27T18:00:00,24.34
10171,23,2024-06-27T19:00:00,23.18
10172,23,2024-06-27T20:00:00,22.12
10173,23,2024-06-27T21:00:00,20.6
10174,23,2024-06-27T22:00:00,18.78
10175,23,2024-06-27T23:00:00,17.34
10176,23,2024-06-28T00:00:00,16.19
10177,23,2024-06-28T01:00:00,15.39
10178,23,2024-06-28T02:00:00,14.35
10179,23,2024-06-28T03:00:00,13.44
10180,23,2024-06-28T04:00:00,12.72
10181,23,2024-06-28T05:00:00,12.54
10182,23,2024-06-28T06:00:00,12.93
10183,23,2024-06-28T07:00:00,13.59
10184,23,2024-06-28T08:00:00,14.07
10185,23,2024-06-28T09:00:00,15.75
10186,23,2024-06-28T10:00:00,17.07
10187,23,2024-06-28T11:00:00,18.21
10188,23,2024-06-28T12:00:00,19.06
10189,23,2024-06-28T13:00:00,19.68
10190,23,2024-06-28T14:00:00,20.27
10191,23,2024-06-28T15:00:00,20.76
10192,23,2024-06-28T16:00:00,20.96
10193,23,2024-06-28T17:00:00,20.87
10194,23,2024-06-28T18:00:00,20.51
10195,23,2024-06-28T19:00:00,19.83
10196,23,2024-06-28T20:00:00,17.08
10197,23,2024-06-28T21:00:00,14.88
10198,23,2024-06-28T22:00:00,13.73
10199,23,2024-06-28T23:00:00,12.79
10200,23,2024-06-29T00:00:00,12.12
10201,23,2024-06-29T01:00:00,11.4
10202,23,2024-06-29T02:00:00,11.34
10203,23,2024-06-29T03:00:00,11.05
10204,23,2024-06-29T04:00:00,11.28
10205,23,2024-06-29T05:00:00,11.79
10206,23,2024-06-29T06:00:00,13.62
10207,23,2024-06-29T07:00:00,15.9
10208,23,2024-06-29T08:00:00,17.99
10209,23,2024-06-29T09:00:00,19.45
10210,23,2024-06-29T10:00:00,20.92
10211,23,2024-06-29T11:00:00,21.92
10212,23,2024-06-29T12:00:00,22.64
10213,23,2024-06-29T13:00:00,23.62
10214,23,2024-06-29T14:00:00,24.27
10215,23,2024-06-29T15:00:00,24.26
10216,23,2024-06-29T16:00:00,23.89
10217,23,2024-06-29T17:00:00,22.91
10218,23,2024-06-29T18:00:00,21.12
10219,23,2024-06-29T19:00:00,19.38
10220,23,2024-06-29T20:00:00,17.78
10221,23,2024-06-29T21:00:00,16.18
10222,23,2024-06-29T22:00:00,15.13
10223,23,2024-06-29T23:00:00,14.84
10224,23,2024-06-30T00:00:00,14.53
10225,23,2024-06-30T01:00:00,14.28
10226,23,2024-06-30T02:00:00,14.32
10227,23,2024-06-30T03:00:00,14.26
10228,23,2024-06-30T04:00:00,13.9
10229,23,2024-06-30T05:00:00,13.85
10230,23,2024-06-30T06:00:00,13.95
10231,23,2024-06-30T07:00:00,13.98
10232,23,2024-06-30T08:00:00,14.45
10233,23,2024-06-30T09:00:00,15.27
10234,23,2024-06-30T10:00:00,16.67
10235,23,2024-06-30T11:00:00,17.96
10236,23,2024-06-30T12:00:00,18.36
10237,23,2024-06-30T13:00:00,18.5
10238,23,2024-06-30T14:00:00,17.99
10239,23,2024-06-30T15:00:00,18.67
10240,23,2024-06-30T16:00:00,17.64
10241,23,2024-06-30T17:00:00,17.44
10242,23,2024-06-30T18:00:00,16.88
10243,23,2024-06-30T19:00:00,16.05
10244,23,2024-06-30T20:00:00,15.11
10245,23,2024-06-30T21:00:00,14.75
10246,23,2024-06-30T22:00:00,14.78
10247,23,2024-06-30T23:00:00,14.45
10248,23,2024-07-01T00:00:00,13.65
10249,23,2024-07-01T01:00:00,13.37
10250,23,2024-07-01T02:00:00,12.44
10251,23,2024-07-01T03:00:00,11.71
10252,23,2024-07-01T04:00:00,11.54
10253,23,2024-07-01T05:00:00,11.39
10254,23,2024-07-01T06:00:00,11.49
10255,23,2024-07-01T07:00:00,11.65
10256,23,2024-07-01T08:00:00,12.26
10257,23,2024-07-01T09:00:00,13.22
10258,23,2024-07-01T10:00:00,13.86
10259,23,2024-07-01T11:00:00,14.55
10260,23,2024-07-01T12:00:00,14.94
10261,23,2024-07-01T13:00:00,15.09
10262,23,2024-07-01T14:00:00,15.49
10263,23,2024-07-01T15:00:00,15.87
10264,23,2024-07-01T16:00:00,15.98
10265,23,2024-07-01T17:00:00,15.58
10266,23,2024-07-01T18:00:00,15.07
10267,23,2024-07-01T19:00:00,14.55
10268,23,2024-07-01T20:00:00,13.59
10269,23,2024-07-01T21:00:00,12.88
10270,23,2024-07-01T22:00:00,12.07
10271,23,2024-07-01T23:00:00,11.51
10272,23,2024-07-02T00:00:00,11.46
10273,23,2024-07-02T01:00:00,11.46
10274,23,2024-07-02T02:00:00,11.5
10275,23,2024-07-02T03:00:00,11.66
10276,23,2024-07-02T04:00:00,11.51
10277,23,2024-07-02T05:00:00,11.46
10278,23,2024-07-02T06:00:00,11.54
10279,23,2024-07-02T07:00:00,11.65
10280,23,2024-07-02T08:00:00,11.92
10281,23,2024-07-02T09:00:00,12.35
10282,23,2024-07-02T10:00:00,12.7
10283,23,2024-07-02T11:00:00,13.33
10284,23,2024-07-02T12:00:00,13.84
10285,23,2024-07-02T13:00:00,14.06
10286,23,2024-07-02T14:00:00,14.32
10287,23,2024-07-02T15:00:00,14.54
10288,23,2024-07-02T16:00:00,14.36
10289,23,2024-07-02T17:00:00,14.47
10290,23,2024-07-02T18:00:00,14.06
10291,23,2024-07-02T19:00:00,13.83
10292,23,2024-07-02T20:00:00,13.2
10293,23,2024-07-02T21:00:00,12.7
10294,23,2024-07-02T22:00:00,12.02
10295,23,2024-07-02T23:00:00,11.08
10296,23,2024-07-03T00:00:00,10.58
10297,23,2024-07-03T01:00:00,10.06
10298,23,2024-07-03T02:00:00,9.64
10299,23,2024-07-03T03:00:00,9.66
10300,23,2024-07-03T04:00:00,9.73
10301,23,2024-07-03T05:00:00,10.0
10302,23,2024-07-03T06:00:00,10.59
10303,23,2024-07-03T07:00:00,10.91
10304,23,2024-07-03T08:00:00,11.27
10305,23,2024-07-03T09:00:00,11.5
10306,23,2024-07-03T10:00:00,11.05
10307,23,2024-07-03T11:00:00,10.58
10308,23,2024-07-03T12:00:00,11.09
10309,23,2024-07-03T13:00:00,11.65
10310,23,2024-07-03T14:00:00,12.14
10311,23,2024-07-03T15:00:00,12.8
10312,23,2024-07-03T16:00:00,13.45
10313,23,2024-07-03T17:00:00,13.42
10314,23,2024-07-03T18:00:00,13.11
10315,23,2024-07-03T19:00:00,12.41
10316,23,2024-07-03T20:00:00,11.72
10317,23,2024-07-03T21:00:00,11.75
10318,23,2024-07-03T22:00:00,11.77
10319,23,2024-07-03T23:00:00,11.87
10320,23,2024-07-04T00:00:00,11.96
10321,23,2024-07-04T01:00:00,11.9
10322,23,2024-07-04T02:00:00,11.92
10323,23,2024-07-04T03:00:00,12.24
10324,23,2024-07-04T04:00:00,12.45
10325,23,2024-07-04T05:00:00,12.74
10326,23,2024-07-04T06:00:00,13.17
10327,23,2024-07-04T07:00:00,13.53
10328,23,2024-07-04T08:00:00,13.77
10329,23,2024-07-04T09:00:00,14.62
10330,23,2024-07-04T10:00:00,14.84
10331,23,2024-07-04T11:00:00,14.98
10332,23,2024-07-04T12:00:00,16.4
10333,23,2024-07-04T13:00:00,16.77
10334,23,2024-07-04T14:00:00,17.73
10335,23,2024-07-04T15:00:00,17.85
10336,23,2024-07-04T16:00:00,17.74
10337,23,2024-07-04T17:00:00,17.36
10338,23,2024-07-04T18:00:00,16.92
10339,23,2024-07-04T19:00:00,15.52
10340,23,2024-07-04T20:00:00,13.75
10341,23,2024-07-04T21:00:00,12.19
10342,23,2024-07-04T22:00:00,11.02
10343,23,2024-07-04T23:00:00,10.26
10344,23,2024-07-05T00:00:00,9.81
10345,23,2024-07-05T01:00:00,9.9
10346,23,2024-07-05T02:00:00,9.84
10347,23,2024-07-05T03:00:00,9.97
10348,23,2024-07-05T04:00:00,10.23
10349,23,2024-07-05T05:00:00,10.71
10350,23,2024-07-05T06:00:00,11.16
10351,23,2024-07-05T07:00:00,12.06
10352,23,2024-07-05T08:00:00,12.98
10353,23,2024-07-05T09:00:00,13.47
10354,23,2024-07-05T10:00:00,13.87
10355,23,2024-07-05T11:00:00,14.29
10356,23,2024-07-05T12:00:00,14.47
10357,23,2024-07-05T13:00:00,14.92
10358,23,2024-07-05T14:00:00,15.13
10359,23,2024-07-05T15:00:00,16.35
10360,23,2024-07-05T16:00:00,17.28
10361,23,2024-07-05T17:00:00,18.79
10362,23,2024-07-05T18:00:00,19.13
10363,23,2024-07-05T19:00:00,18.68
10364,23,2024-07-05T20:00:00,17.36
10365,23,2024-07-05T21:00:00,16.31
10366,23,2024-07-05T22:00:00,15.73
10367,23,2024-07-05T23:00:00,15.45
10368,23,2024-07-06T00:00:00,15.47
10369,23,2024-07-06T01:00:00,15.29
10370,23,2024-07-06T02:00:00,15.19
10371,23,2024-07-06T03:00:00,15.07
10372,23,2024-07-06T04:00:00,15.15
10373,23,2024-07-06T05:00:00,15.17
10374,23,2024-07-06T06:00:00,16.38
10375,23,2024-07-06T07:00:00,17.61
10376,23,2024-07-06T08:00:00,18.41
10377,23,2024-07-06T09:00:00,18.85
10378,23,2024-07-06T10:00:00,17.58
10379,23,2024-07-06T11:00:00,16.61
10380,23,2024-07-06T12:00:00,15.72
10381,23,2024-07-06T13:00:00,15.32
10382,23,2024-07-06T14:00:00,15.76
10383,23,2024-07-06T15:00:00,16.61
10384,23,2024-07-06T16:00:00,17.03
10385,23,2024-07-06T17:00:00,16.77
10386,23,2024-07-06T18:00:00,15.88
10387,23,2024-07-06T19:00:00,14.83
10388,23,2024-07-06T20:00:00,13.41
10389,23,2024-07-06T21:00:00,11.82
10390,23,2024-07-06T22:00:00,10.76
10391,23,2024-07-06T23:00:00,10.05
10392,23,2024-07-07T00:00:00,9.27
10393,23,2024-07-07T01:00:00,8.63
10394,23,2024-07-07T02:00:00,8.0
10395,23,2024-07-07T03:00:00,7.81
10396,23,2024-07-07T04:00:00,7.54
10397,23,2024-07-07T05:00:00,7.55
10398,23,2024-07-07T06:00:00,9.42
10399,23,2024-07-07T07:00:00,11.34
10400,23,2024-07-07T08:00:00,13.03
10401,23,2024-07-07T09:00:00,14.23
10402,23,2024-07-07T10:00:00,15.25
10403,23,2024-07-07T11:00:00,15.88
10404,23,2024-07-07T12:00:00,15.78
10405,23,2024-07-07T13:00:00,16.6
10406,23,2024-07-07T14:00:00,17.06
10407,23,2024-07-07T15:00:00,17.03
10408,23,2024-07-07T16:00:00,16.78
10409,23,2024-07-07T17:00:00,16.79
10410,23,2024-07-07T18:00:00,16.23
10411,23,2024-07-07T19:00:00,15.5
10412,23,2024-07-07T20:00:00,14.4
10413,23,2024-07-07T21:00:00,13.51
10414,23,2024-07-07T22:00:00,12.73
10415,23,2024-07-07T23:00:00,11.51
10416,23,2024-07-08T00:00:00,10.95
10417,23,2024-07-08T01:00:00,9.93
10418,23,2024-07-08T02:00:00,9.11
10419,23,2024-07-08T03:00:00,8.99
10420,23,2024-07-08T04:00:00,8.92
10421,23,2024-07-08T05:00:00,9.6
10422,23,2024-07-08T06:00:00,11.28
10423,23,2024-07-08T07:00:00,13.86
10424,23,2024-07-08T08:00:00,15.61
10425,23,2024-07-08T09:00:00,17.14
10426,23,2024-07-08T10:00:00,18.27
10427,23,2024-07-08T11:00:00,18.78
10428,23,2024-07-08T12:00:00,19.57
10429,23,2024-07-08T13:00:00,19.37
10430,23,2024-07-08T14:00:00,19.67
10431,23,2024-07-08T15:00:00,19.63
10432,23,2024-07-08T16:00:00,19.31
10433,23,2024-07-08T17:00:00,19.07
10434,23,2024-07-08T18:00:00,18.46
10435,23,2024-07-08T19:00:00,17.86
10436,23,2024-07-08T20:00:00,17.11
10437,23,2024-07-08T21:00:00,16.53
10438,23,2024-07-08T22:00:00,16.19
10439,23,2024-07-08T23:00:00,15.66
10440,23,2024-07-09T00:00:00,15.15
10441,23,2024-07-09T01:00:00,15.49
10442,23,2024-07-09T02:00:00,15.2
10443,23,2024-07-09T03:00:00,14.5
10444,23,2024-07-09T04:00:00,14.77
10445,23,2024-07-09T05:00:00,15.12
10446,23,2024-07-09T06:00:00,17.56
10447,23,2024-07-09T07:00:00,19.74
10448,23,2024-07-09T08:00:00,21.61
10449,23,2024-07-09T09:00:00,23.01
10450,23,2024-07-09T10:00:00,24.54
10451,23,2024-07-09T11:00:00,25.82
10452,23,2024-07-09T12:00:00,26.88
10453,23,2024-07-09T13:00:00,27.76
10454,23,2024-07-09T14:00:00,28.22
10455,23,2024-07-09T15:00:00,28.62
10456,23,2024-07-09T16:00:00,28.48
10457,23,2024-07-09T17:00:00,27.7
10458,23,2024-07-09T18:00:00,24.48
10459,23,2024-07-09T19:00:00,19.47
10460,23,2024-07-09T20:00:00,16.92
10461,23,2024-07-09T21:00:00,16.86
10462,23,2024-07-09T22:00:00,16.52
10463,23,2024-07-09T23:00:00,16.42
10464,23,2024-07-10T00:00:00,16.35
10465,23,2024-07-10T01:00:00,15.96
10466,23,2024-07-10T02:00:00,15.67
10467,23,2024-07-10T03:00:00,15.61
10468,23,2024-07-10T04:00:00,15.8
10469,23,2024-07-10T05:00:00,15.85
10470,23,2024-07-10T06:00:00,16.47
10471,23,2024-07-10T07:00:00,17.32
10472,23,2024-07-10T08:00:00,17.89
10473,23,2024-07-10T09:00:00,18.62
10474,23,2024-07-10T10:00:00,19.45
10475,23,2024-07-10T11:00:00,20.29
10476,23,2024-07-10T12:00:00,21.59
10477,23,2024-07-10T13:00:00,21.87
10478,23,2024-07-10T14:00:00,21.79
10479,23,2024-07-10T15:00:00,21.39
10480,23,2024-07-10T16:00:00,21.64
10481,23,2024-07-10T17:00:00,21.44
10482,23,2024-07-10T18:00:00,20.91
10483,23,2024-07-10T19:00:00,20.19
10484,23,2024-07-10T20:00:00,17.99
10485,23,2024-07-10T21:00:00,16.05
10486,23,2024-07-10T22:00:00,15.39
10487,23,2024-07-10T23:00:00,15.2
10488,23,2024-07-11T00:00:00,15.05
10489,23,2024-07-11T01:00:00,14.64
10490,23,2024-07-11T02:00:00,14.47
10491,23,2024-07-11T03:00:00,13.98
10492,23,2024-07-11T04:00:00,13.78
10493,23,2024-07-11T05:00:00,13.54
10494,23,2024-07-11T06:00:00,14.69
10495,23,2024-07-11T07:00:00,15.86
10496,23,2024-07-11T08:00:00,17.04
10497,23,2024-07-11T09:00:00,17.72
10498,23,2024-07-11T10:00:00,18.56
10499,23,2024-07-11T11:00:00,19.23
10500,23,2024-07-11T12:00:00,20.01
10501,23,2024-07-11T13:00:00,20.75
10502,23,2024-07-11T14:00:00,20.69
10503,23,2024-07-11T15:00:00,21.06
10504,23,2024-07-11T16:00:00,21.3
10505,23,2024-07-11T17:00:00,20.95
10506,23,2024-07-11T18:00:00,20.2
10507,23,2024-07-11T19:00:00,19.24
10508,23,2024-07-11T20:00:00,17.71
10509,23,2024-07-11T21:00:00,16.47
10510,23,2024-07-11T22:00:00,15.69
10511,23,2024-07-11T23:00:00,15.48
10512,23,2024-07-12T00:00:00,15.36
10513,23,2024-07-12T01:00:00,15.13
10514,23,2024-07-12T02:00:00,14.66
10515,23,2024-07-12T03:00:00,14.28
10516,23,2024-07-12T04:00:00,13.89
10517,23,2024-07-12T05:00:00,13.55
10518,23,2024-07-12T06:00:00,13.58
10519,23,2024-07-12T07:00:00,13.58
10520,23,2024-07-12T08:00:00,13.93
10521,23,2024-07-12T09:00:00,14.66
10522,23,2024-07-12T10:00:00,14.24
10523,23,2024-07-12T11:00:00,13.4
10524,23,2024-07-12T12:00:00,13.27
10525,23,2024-07-12T13:00:00,13.13
10526,23,2024-07-12T14:00:00,12.86
10527,23,2024-07-12T15:00:00,12.73
10528,23,2024-07-12T16:00:00,12.87
10529,23,2024-07-12T17:00:00,12.69
10530,23,2024-07-12T18:00:00,12.46
10531,23,2024-07-12T19:00:00,11.9
10532,23,2024-07-12T20:00:00,11.86
10533,23,2024-07-12T21:00:00,11.66
10534,23,2024-07-12T22:00:00,11.38
10535,23,2024-07-12T23:00:00,11.21
10536,23,2024-07-13T00:00:00,10.94
10537,23,2024-07-13T01:00:00,10.67
10538,23,2024-07-13T02:00:00,10.18
10539,23,2024-07-13T03:00:00,9.83
10540,23,2024-07-13T04:00:00,9.53
10541,23,2024-07-13T05:00:00,9.53
10542,23,2024-07-13T06:00:00,10.03
10543,23,2024-07-13T07:00:00,10.77
10544,23,2024-07-13T08:00:00,11.56
10545,23,2024-07-13T09:00:00,12.2
10546,23,2024-07-13T10:00:00,12.93
10547,23,2024-07-13T11:00:00,14.11
10548,23,2024-07-13T12:00:00,15.18
10549,23,2024-07-13T13:00:00,15.5
10550,23,2024-07-13T14:00:00,15.11
10551,23,2024-07-13T15:00:00,15.3
10552,23,2024-07-13T16:00:00,15.8
10553,23,2024-07-13T17:00:00,15.91
10554,23,2024-07-13T18:00:00,16.05
10555,23,2024-07-13T19:00:00,15.59
10556,23,2024-07-13T20:00:00,13.74
10557,23,2024-07-13T21:00:00,12.02
10558,23,2024-07-13T22:00:00,10.67
10559,23,2024-07-13T23:00:00,10.42
10560,23,2024-07-14T00:00:00,10.45
10561,23,2024-07-14T01:00:00,9.99
10562,23,2024-07-14T02:00:00,9.34
10563,23,2024-07-14T03:00:00,8.92
10564,23,2024-07-14T04:00:00,8.89
10565,23,2024-07-14T05:00:00,9.36
10566,23,2024-07-14T06:00:00,11.43
10567,23,2024-07-14T07:00:00,13.55
10568,23,2024-07-14T08:00:00,15.34
10569,23,2024-07-14T09:00:00,16.7
10570,23,2024-07-14T10:00:00,17.43
10571,23,2024-07-14T11:00:00,18.92
10572,23,2024-07-14T12:00:00,19.08
10573,23,2024-07-14T13:00:00,19.68
10574,23,2024-07-14T14:00:00,19.92
10575,23,2024-07-14T15:00:00,19.55
10576,23,2024-07-14T16:00:00,19.43
10577,23,2024-07-14T17:00:00,18.81
10578,23,2024-07-14T18:00:00,18.14
10579,23,2024-07-14T19:00:00,17.93
10580,23,2024-07-14T20:00:00,16.33
10581,23,2024-07-14T21:00:00,14.67
10582,23,2024-07-14T22:00:00,13.51
10583,23,2024-07-14T23:00:00,12.65
10584,23,2024-07-15T00:00:00,11.59
10585,23,2024-07-15T01:00:00,10.95
10586,23,2024-07-15T02:00:00,10.61
10587,23,2024-07-15T03:00:00,10.43
10588,23,2024-07-15T04:00:00,10.19
10589,23,2024-07-15T05:00:00,10.33
10590,23,2024-07-15T06:00:00,13.21
10591,23,2024-07-15T07:00:00,15.85
10592,23,2024-07-15T08:00:00,18.05
10593,23,2024-07-15T09:00:00,19.72
10594,23,2024-07-15T10:00:00,20.91
10595,23,2024-07-15T11:00:00,22.09
10596,23,2024-07-15T12:00:00,22.82
10597,23,2024-07-15T13:00:00,23.47
10598,23,2024-07-15T14:00:00,24.2
10599,23,2024-07-15T15:00:00,24.34
10600,23,2024-07-15T16:00:00,23.92
10601,23,2024-07-15T17:00:00,22.51
10602,23,2024-07-15T18:00:00,20.84
10603,23,2024-07-15T19:00:00,19.95
10604,23,2024-07-15T20:00:00,19.31
10605,23,2024-07-15T21:00:00,18.21
10606,23,2024-07-15T22:00:00,17.19
10607,23,2024-07-15T23:00:00,16.94
10608,23,2024-07-16T00:00:00,17.09
10609,23,2024-07-16T01:00:00,16.98
10610,23,2024-07-16T02:00:00,16.8
10611,23,2024-07-16T03:00:00,15.78
10612,23,2024-07-16T04:00:00,14.48
10613,23,2024-07-16T05:00:00,14.18
10614,23,2024-07-16T06:00:00,14.57
10615,23,2024-07-16T07:00:00,15.27
10616,23,2024-07-16T08:00:00,15.43
10617,23,2024-07-16T09:00:00,16.0
10618,23,2024-07-16T10:00:00,17.06
10619,23,2024-07-16T11:00:00,17.51
10620,23,2024-07-16T12:00:00,17.31
10621,23,2024-07-16T13:00:00,15.54
10622,23,2024-07-16T14:00:00,15.18
10623,23,2024-07-16T15:00:00,17.02
10624,23,2024-07-16T16:00:00,16.88
10625,23,2024-07-16T17:00:00,16.09
10626,23,2024-07-16T18:00:00,15.91
10627,23,2024-07-16T19:00:00,15.85
10628,23,2024-07-16T20:00:00,15.27
10629,23,2024-07-16T21:00:00,14.71
10630,23,2024-07-16T22:00:00,14.59
10631,23,2024-07-16T23:00:00,14.36
10632,23,2024-07-17T00:00:00,14.01
10633,23,2024-07-17T01:00:00,13.7
10634,23,2024-07-17T02:00:00,13.67
10635,23,2024-07-17T03:00:00,13.74
10636,23,2024-07-17T04:00:00,13.85
10637,23,2024-07-17T05:00:00,13.93
10638,23,2024-07-17T06:00:00,14.09
10639,23,2024-07-17T07:00:00,14.34
10640,23,2024-07-17T08:00:00,14.7
10641,23,2024-07-17T09:00:00,15.71
10642,23,2024-07-17T10:00:00,17.18
10643,23,2024-07-17T11:00:00,18.48
10644,23,2024-07-17T12:00:00,19.34
10645,23,2024-07-17T13:00:00,20.23
10646,23,2024-07-17T14:00:00,21.11
10647,23,2024-07-17T15:00:00,21.57
10648,23,2024-07-17T16:00:00,21.92
10649,23,2024-07-17T17:00:00,21.77
10650,23,2024-07-17T18:00:00,21.15
10651,23,2024-07-17T19:00:00,19.89
10652,23,2024-07-17T20:00:00,17.63
10653,23,2024-07-17T21:00:00,16.32
10654,23,2024-07-17T22:00:00,15.46
10655,23,2024-07-17T23:00:00,15.18
10656,23,2024-07-18T00:00:00,14.95
10657,23,2024-07-18T01:00:00,14.42
10658,23,2024-07-18T02:00:00,14.09
10659,23,2024-07-18T03:00:00,14.0
10660,23,2024-07-18T04:00:00,13.76
10661,23,2024-07-18T05:00:00,14.31
10662,23,2024-07-18T06:00:00,15.53
10663,23,2024-07-18T07:00:00,17.56
10664,23,2024-07-18T08:00:00,19.56
10665,23,2024-07-18T09:00:00,21.4
10666,23,2024-07-18T10:00:00,22.34
10667,23,2024-07-18T11:00:00,23.45
10668,23,2024-07-18T12:00:00,24.37
10669,23,2024-07-18T13:00:00,24.64
10670,23,2024-07-18T14:00:00,24.92
10671,23,2024-07-18T15:00:00,25.52
10672,23,2024-07-18T16:00:00,25.23
10673,23,2024-07-18T17:00:00,25.05
10674,23,2024-07-18T18:00:00,23.08
10675,23,2024-07-18T19:00:00,21.81
10676,23,2024-07-18T20:00:00,20.16
10677,23,2024-07-18T21:00:00,18.6
10678,23,2024-07-18T22:00:00,17.59
10679,23,2024-07-18T23:00:00,16.87
10680,23,2024-07-19T00:00:00,16.95
10681,23,2024-07-19T01:00:00,17.13
10682,23,2024-07-19T02:00:00,16.49
10683,23,2024-07-19T03:00:00,15.98
10684,23,2024-07-19T04:00:00,16.21
10685,23,2024-07-19T05:00:00,16.66
10686,23,2024-07-19T06:00:00,17.83
10687,23,2024-07-19T07:00:00,19.68
10688,23,2024-07-19T08:00:00,21.39
10689,23,2024-07-19T09:00:00,23.05
10690,23,2024-07-19T10:00:00,24.18
10691,23,2024-07-19T11:00:00,24.66
10692,23,2024-07-19T12:00:00,25.17
10693,23,2024-07-19T13:00:00,26.01
10694,23,2024-07-19T14:00:00,26.14
10695,23,2024-07-19T15:00:00,26.34
10696,23,2024-07-19T16:00:00,26.2
10697,23,2024-07-19T17:00:00,25.38
10698,23,2024-07-19T18:00:00,24.51
10699,23,2024-07-19T19:00:00,23.66
10700,23,2024-07-19T20:00:00,21.98
10701,23,2024-07-19T21:00:00,20.02
10702,23,2024-07-19T22:00:00,19.1
10703,23,2024-07-19T23:00:00,18.54
10704,23,2024-07-20T00:00:00,17.77
10705,23,2024-07-20T01:00:00,17.1
10706,23,2024-07-20T02:00:00,16.23
10707,23,2024-07-20T03:00:00,15.58
10708,23,2024-07-20T04:00:00,15.32
10709,23,2024-07-20T05:00:00,15.76
10710,23,2024-07-20T06:00:00,18.64
10711,23,2024-07-20T07:00:00,21.29
10712,23,2024-07-20T08:00:00,23.56
10713,23,2024-07-20T09:00:00,25.33
10714,23,2024-07-20T10:00:00,26.49
10715,23,2024-07-20T11:00:00,27.54
10716,23,2024-07-20T12:00:00,28.2
10717,23,2024-07-20T13:00:00,28.39
10718,23,2024-07-20T14:00:00,28.6
10719,23,2024-07-20T15:00:00,28.19
10720,23,2024-07-20T16:00:00,25.29
10721,23,2024-07-20T17:00:00,24.73
10722,23,2024-07-20T18:00:00,23.98
10723,23,2024-07-20T19:00:00,23.6
10724,23,2024-07-20T20:00:00,22.08
10725,23,2024-07-20T21:00:00,20.54
10726,23,2024-07-20T22:00:00,20.19
10727,23,2024-07-20T23:00:00,20.05
10728,23,2024-07-21T00:00:00,19.22
10729,23,2024-07-21T01:00:00,18.97
10730,23,2024-07-21T02:00:00,18.93
10731,23,2024-07-21T03:00:00,17.94
10732,23,2024-07-21T04:00:00,18.02
10733,23,2024-07-21T05:00:00,18.03
10734,23,2024-07-21T06:00:00,18.28
10735,23,2024-07-21T07:00:00,19.35
10736,23,2024-07-21T08:00:00,19.73
10737,23,2024-07-21T09:00:00,19.9
10738,23,2024-07-21T10:00:00,20.16
10739,23,2024-07-21T11:00:00,20.17
10740,23,2024-07-21T12:00:00,21.2
10741,23,2024-07-21T13:00:00,21.92
10742,23,2024-07-21T14:00:00,22.07
10743,23,2024-07-21T15:00:00,22.49
10744,23,2024-07-21T16:00:00,22.62
10745,23,2024-07-21T17:00:00,21.6
10746,23,2024-07-21T18:00:00,20.97
10747,23,2024-07-21T19:00:00,20.42
10748,23,2024-07-21T20:00:00,19.68
10749,23,2024-07-21T21:00:00,18.72
10750,23,2024-07-21T22:00:00,17.93
10751,23,2024-07-21T23:00:00,17.59
10752,23,2024-07-22T00:00:00,17.2
10753,23,2024-07-22T01:00:00,16.57
10754,23,2024-07-22T02:00:00,15.96
10755,23,2024-07-22T03:00:00,15.72
10756,23,2024-07-22T04:00:00,15.43
10757,23,2024-07-22T05:00:00,15.18
10758,23,2024-07-22T06:00:00,15.35
10759,23,2024-07-22T07:00:00,15.66
10760,23,2024-07-22T08:00:00,16.36
10761,23,2024-07-22T09:00:00,17.11
10762,23,2024-07-22T10:00:00,17.56
10763,23,2024-07-22T11:00:00,18.42
10764,23,2024-07-22T12:00:00,19.26
10765,23,2024-07-22T13:00:00,20.09
10766,23,2024-07-22T14:00:00,20.54
10767,23,2024-07-22T15:00:00,20.85
10768,23,2024-07-22T16:00:00,20.77
10769,23,2024-07-22T17:00:00,20.68
10770,23,2024-07-22T18:00:00,19.98
10771,23,2024-07-22T19:00:00,18.73
10772,23,2024-07-22T20:00:00,17.36
10773,23,2024-07-22T21:00:00,16.09
10774,23,2024-07-22T22:00:00,15.09
10775,23,2024-07-22T23:00:00,14.92
10776,23,2024-07-23T00:00:00,15.75
10777,23,2024-07-23T01:00:00,15.51
10778,23,2024-07-23T02:00:00,15.16
10779,23,2024-07-23T03:00:00,15.35
10780,23,2024-07-23T04:00:00,15.06
10781,23,2024-07-23T05:00:00,15.19
10782,23,2024-07-23T06:00:00,15.87
10783,23,2024-07-23T07:00:00,16.67
10784,23,2024-07-23T08:00:00,17.07
10785,23,2024-07-23T09:00:00,16.86
10786,23,2024-07-23T10:00:00,17.79
10787,23,2024-07-23T11:00:00,19.31
10788,23,2024-07-23T12:00:00,19.78
10789,23,2024-07-23T13:00:00,19.11
10790,23,2024-07-23T14:00:00,19.39
10791,23,2024-07-23T15:00:00,19.53
10792,23,2024-07-23T16:00:00,18.4
10793,23,2024-07-23T17:00:00,17.62
10794,23,2024-07-23T18:00:00,16.45
10795,23,2024-07-23T19:00:00,15.69
10796,23,2024-07-23T20:00:00,15.23
10797,23,2024-07-23T21:00:00,14.8
10798,23,2024-07-23T22:00:00,14.6
10799,23,2024-07-23T23:00:00,14.24
10800,23,2024-07-24T00:00:00,13.93
10801,23,2024-07-24T01:00:00,13.64
10802,23,2024-07-24T02:00:00,13.42
10803,23,2024-07-24T03:00:00,13.16
10804,23,2024-07-24T04:00:00,13.08
10805,23,2024-07-24T05:00:00,13.03
10806,23,2024-07-24T06:00:00,13.27
10807,23,2024-07-24T07:00:00,13.58
10808,23,2024-07-24T08:00:00,14.27
10809,23,2024-07-24T09:00:00,15.5
10810,23,2024-07-24T10:00:00,16.22
10811,23,2024-07-24T11:00:00,16.82
10812,23,2024-07-24T12:00:00,18.36
10813,23,2024-07-24T13:00:00,18.96
10814,23,2024-07-24T14:00:00,19.93
10815,23,2024-07-24T15:00:00,20.15
10816,23,2024-07-24T16:00:00,20.25
10817,23,2024-07-24T17:00:00,20.03
10818,23,2024-07-24T18:00:00,19.33
10819,23,2024-07-24T19:00:00,18.12
10820,23,2024-07-24T20:00:00,16.06
10821,23,2024-07-24T21:00:00,14.19
10822,23,2024-07-24T22:00:00,13.2
10823,23,2024-07-24T23:00:00,12.69
10824,23,2024-07-25T00:00:00,12.16
10825,23,2024-07-25T01:00:00,11.44
10826,23,2024-07-25T02:00:00,11.3
10827,23,2024-07-25T03:00:00,11.25
10828,23,2024-07-25T04:00:00,10.78
10829,23,2024-07-25T05:00:00,10.98
10830,23,2024-07-25T06:00:00,13.22
10831,23,2024-07-25T07:00:00,15.51
10832,23,2024-07-25T08:00:00,17.61
10833,23,2024-07-25T09:00:00,19.05
10834,23,2024-07-25T10:00:00,19.77
10835,23,2024-07-25T11:00:00,20.65
10836,23,2024-07-25T12:00:00,21.49
10837,23,2024-07-25T13:00:00,22.36
10838,23,2024-07-25T14:00:00,22.81
10839,23,2024-07-25T15:00:00,22.74
10840,23,2024-07-25T16:00:00,22.38
10841,23,2024-07-25T17:00:00,22.08
10842,23,2024-07-25T18:00:00,21.38
10843,23,2024-07-25T19:00:00,20.45
10844,23,2024-07-25T20:00:00,18.86
10845,23,2024-07-25T21:00:00,18.08
10846,23,2024-07-25T22:00:00,18.04
10847,23,2024-07-25T23:00:00,17.65
10848,23,2024-07-26T00:00:00,17.14
10849,23,2024-07-26T01:00:00,16.47
10850,23,2024-07-26T02:00:00,16.23
10851,23,2024-07-26T03:00:00,16.2
10852,23,2024-07-26T04:00:00,16.02
10853,23,2024-07-26T05:00:00,16.09
10854,23,2024-07-26T06:00:00,16.41
10855,23,2024-07-26T07:00:00,16.86
10856,23,2024-07-26T08:00:00,17.21
10857,23,2024-07-26T09:00:00,18.11
10858,23,2024-07-26T10:00:00,19.35
10859,23,2024-07-26T11:00:00,20.2
10860,23,2024-07-26T12:00:00,21.0
10861,23,2024-07-26T13:00:00,21.29
10862,23,2024-07-26T14:00:00,21.63
10863,23,2024-07-26T15:00:00,21.14
10864,23,2024-07-26T16:00:00,20.57
10865,23,2024-07-26T17:00:00,20.08
10866,23,2024-07-26T18:00:00,19.39
10867,23,2024-07-26T19:00:00,18.71
10868,23,2024-07-26T20:00:00,17.91
10869,23,2024-07-26T21:00:00,17.12
10870,23,2024-07-26T22:00:00,16.6
10871,23,2024-07-26T23:00:00,16.48
10872,23,2024-07-27T00:00:00,16.25
10873,23,2024-07-27T01:00:00,15.67
10874,23,2024-07-27T02:00:00,15.11
10875,23,2024-07-27T03:00:00,14.54
10876,23,2024-07-27T04:00:00,14.62
10877,23,2024-07-27T05:00:00,15.15
10878,23,2024-07-27T06:00:00,15.72
10879,23,2024-07-27T07:00:00,16.07
10880,23,2024-07-27T08:00:00,16.38
10881,23,2024-07-27T09:00:00,16.74
10882,23,2024-07-27T10:00:00,17.03
10883,23,2024-07-27T11:00:00,17.18
10884,23,2024-07-27T12:00:00,17.28
10885,23,2024-07-27T13:00:00,17.49
10886,23,2024-07-27T14:00:00,17.6
10887,23,2024-07-27T15:00:00,17.62
10888,23,2024-07-27T16:00:00,17.53
10889,23,2024-07-27T17:00:00,17.01
10890,23,2024-07-27T18:00:00,16.77
10891,23,2024-07-27T19:00:00,16.26
10892,23,2024-07-27T20:00:00,15.54
10893,23,2024-07-27T21:00:00,14.45
10894,23,2024-07-27T22:00:00,13.32
10895,23,2024-07-27T23:00:00,13.37
10896,23,2024-07-28T00:00:00,13.07
10897,23,2024-07-28T01:00:00,12.6
10898,23,2024-07-28T02:00:00,11.96
10899,23,2024-07-28T03:00:00,11.44
10900,23,2024-07-28T04:00:00,11.02
10901,23,2024-07-28T05:00:00,10.91
10902,23,2024-07-28T06:00:00,11.92
10903,23,2024-07-28T07:00:00,13.34
10904,23,2024-07-28T08:00:00,15.31
10905,23,2024-07-28T09:00:00,16.96
10906,23,2024-07-28T10:00:00,18.38
10907,23,2024-07-28T11:00:00,19.32
10908,23,2024-07-28T12:00:00,20.04
10909,23,2024-07-28T13:00:00,20.63
10910,23,2024-07-28T14:00:00,21.17
10911,23,2024-07-28T15:00:00,21.23
10912,23,2024-07-28T16:00:00,21.48
10913,23,2024-07-28T17:00:00,21.16
10914,23,2024-07-28T18:00:00,20.77
10915,23,2024-07-28T19:00:00,19.29
10916,23,2024-07-28T20:00:00,16.2
10917,23,2024-07-28T21:00:00,14.87
10918,23,2024-07-28T22:00:00,14.27
10919,23,2024-07-28T23:00:00,13.85
10920,23,2024-07-29T00:00:00,13.18
10921,23,2024-07-29T01:00:00,12.83
10922,23,2024-07-29T02:00:00,12.26
10923,23,2024-07-29T03:00:00,12.14
10924,23,2024-07-29T04:00:00,11.94
10925,23,2024-07-29T05:00:00,12.07
10926,23,2024-07-29T06:00:00,14.11
10927,23,2024-07-29T07:00:00,16.88
10928,23,2024-07-29T08:00:00,19.04
10929,23,2024-07-29T09:00:00,20.55
10930,23,2024-07-29T10:00:00,21.6
10931,23,2024-07-29T11:00:00,22.56
10932,23,2024-07-29T12:00:00,23.45
10933,23,2024-07-29T13:00:00,24.23
10934,23,2024-07-29T14:00:00,24.76
10935,23,2024-07-29T15:00:00,25.09
10936,23,2024-07-29T16:00:00,25.18
10937,23,2024-07-29T17:00:00,24.91
10938,23,2024-07-29T18:00:00,24.32
10939,23,2024-07-29T19:00:00,22.67
10940,23,2024-07-29T20:00:00,19.39
10941,23,2024-07-29T21:00:00,17.78
10942,23,2024-07-29T22:00:00,17.32
10943,23,2024-07-29T23:00:00,17.16
10944,23,2024-07-30T00:00:00,16.82
10945,23,2024-07-30T01:00:00,16.51
10946,23,2024-07-30T02:00:00,15.54
10947,23,2024-07-30T03:00:00,14.85
10948,23,2024-07-30T04:00:00,14.61
10949,23,2024-07-30T05:00:00,14.79
10950,23,2024-07-30T06:00:00,16.53
10951,23,2024-07-30T07:00:00,20.01
10952,23,2024-07-30T08:00:00,22.23
10953,23,2024-07-30T09:00:00,24.37
10954,23,2024-07-30T10:00:00,25.61
10955,23,2024-07-30T11:00:00,26.97
10956,23,2024-07-30T12:00:00,28.03
10957,23,2024-07-30T13:00:00,28.83
10958,23,2024-07-30T14:00:00,29.18
10959,23,2024-07-30T15:00:00,29.18
10960,23,2024-07-30T16:00:00,28.96
10961,23,2024-07-30T17:00:00,28.52
10962,23,2024-07-30T18:00:00,27.68
10963,23,2024-07-30T19:00:00,25.58
10964,23,2024-07-30T20:00:00,21.99
10965,23,2024-07-30T21:00:00,20.21
10966,23,2024-07-30T22:00:00,19.66
10967,23,2024-07-30T23:00:00,18.66
10968,23,2024-07-31T00:00:00,18.42
10969,23,2024-07-31T01:00:00,18.36
10970,23,2024-07-31T02:00:00,17.97
10971,23,2024-07-31T03:00:00,17.84
10972,23,2024-07-31T04:00:00,17.66
10973,23,2024-07-31T05:00:00,17.63
10974,23,2024-07-31T06:00:00,18.38
10975,23,2024-07-31T07:00:00,20.48
10976,23,2024-07-31T08:00:00,20.62
10977,23,2024-07-31T09:00:00,20.65
10978,23,2024-07-31T10:00:00,21.06
10979,23,2024-07-31T11:00:00,20.88
10980,23,2024-07-31T12:00:00,20.17
10981,23,2024-07-31T13:00:00,20.77
10982,23,2024-07-31T14:00:00,22.22
10983,23,2024-07-31T15:00:00,23.16
10984,23,2024-07-31T16:00:00,23.98
10985,23,2024-07-31T17:00:00,24.53
10986,23,2024-07-31T18:00:00,23.98
10987,23,2024-07-31T19:00:00,22.57
10988,23,2024-07-31T20:00:00,20.92
10989,23,2024-07-31T21:00:00,19.5
10990,23,2024-07-31T22:00:00,18.77
10991,23,2024-07-31T23:00:00,18.33
10992,23,2024-08-01T00:00:00,18.31
10993,23,2024-08-01T01:00:00,17.9
10994,23,2024-08-01T02:00:00,18.07
10995,23,2024-08-01T03:00:00,18.15
10996,23,2024-08-01T04:00:00,18.12
10997,23,2024-08-01T05:00:00,18.3
10998,23,2024-08-01T06:00:00,18.57
10999,23,2024-08-01T07:00:00,19.1
11000,23,2024-08-01T08:00:00,18.41
11001,23,2024-08-01T09:00:00,19.07
11002,23,2024-08-01T10:00:00,19.24
11003,23,2024-08-01T11:00:00,19.71
11004,23,2024-08-01T12:00:00,19.71
11005,23,2024-08-01T13:00:00,20.04
11006,23,2024-08-01T14:00:00,20.5
11007,23,2024-08-01T15:00:00,20.33
11008,23,2024-08-01T16:00:00,20.59
11009,23,2024-08-01T17:00:00,20.49
11010,23,2024-08-01T18:00:00,19.98
11011,23,2024-08-01T19:00:00,19.4
11012,23,2024-08-01T20:00:00,18.48
11013,23,2024-08-01T21:00:00,17.82
11014,23,2024-08-01T22:00:00,17.41
11015,23,2024-08-01T23:00:00,17.22
11016,23,2024-08-02T00:00:00,16.9
11017,23,2024-08-02T01:00:00,16.5
11018,23,2024-08-02T02:00:00,16.25
11019,23,2024-08-02T03:00:00,15.88
11020,23,2024-08-02T04:00:00,15.58
11021,23,2024-08-02T05:00:00,15.2
11022,23,2024-08-02T06:00:00,15.77
11023,23,2024-08-02T07:00:00,17.15
11024,23,2024-08-02T08:00:00,18.02
11025,23,2024-08-02T09:00:00,19.55
11026,23,2024-08-02T10:00:00,21.01
11027,23,2024-08-02T11:00:00,22.21
11028,23,2024-08-02T12:00:00,22.66
11029,23,2024-08-02T13:00:00,22.91
11030,23,2024-08-02T14:00:00,23.42
11031,23,2024-08-02T15:00:00,22.92
11032,23,2024-08-02T16:00:00,22.84
11033,23,2024-08-02T17:00:00,22.44
11034,23,2024-08-02T18:00:00,22.11
11035,23,2024-08-02T19:00:00,20.78
11036,23,2024-08-02T20:00:00,19.21
11037,23,2024-08-02T21:00:00,18.16
11038,23,2024-08-02T22:00:00,17.52
11039,23,2024-08-02T23:00:00,16.67
11040,23,2024-08-03T00:00:00,16.24
11041,23,2024-08-03T01:00:00,16.14
11042,23,2024-08-03T02:00:00,16.37
11043,23,2024-08-03T03:00:00,17.17
11044,23,2024-08-03T04:00:00,17.17
11045,23,2024-08-03T05:00:00,16.67
11046,23,2024-08-03T06:00:00,16.17
11047,23,2024-08-03T07:00:00,15.53
11048,23,2024-08-03T08:00:00,15.61
11049,23,2024-08-03T09:00:00,17.15
11050,23,2024-08-03T10:00:00,18.21
11051,23,2024-08-03T11:00:00,18.68
11052,23,2024-08-03T12:00:00,19.34
11053,23,2024-08-03T13:00:00,20.12
11054,23,2024-08-03T14:00:00,20.45
11055,23,2024-08-03T15:00:00,20.53
11056,23,2024-08-03T16:00:00,20.44
11057,23,2024-08-03T17:00:00,19.94
11058,23,2024-08-03T18:00:00,18.42
11059,23,2024-08-03T19:00:00,17.76
11060,23,2024-08-03T20:00:00,16.84
11061,23,2024-08-03T21:00:00,16.39
11062,23,2024-08-03T22:00:00,16.24
11063,23,2024-08-03T23:00:00,16.01
11064,23,2024-08-04T00:00:00,15.88
11065,23,2024-08-04T01:00:00,15.69
11066,23,2024-08-04T02:00:00,15.79
11067,23,2024-08-04T03:00:00,15.78
11068,23,2024-08-04T04:00:00,15.69
11069,23,2024-08-04T05:00:00,15.78
11070,23,2024-08-04T06:00:00,15.98
11071,23,2024-08-04T07:00:00,16.02
11072,23,2024-08-04T08:00:00,16.22
11073,23,2024-08-04T09:00:00,16.79
11074,23,2024-08-04T10:00:00,18.04
11075,23,2024-08-04T11:00:00,18.99
11076,23,2024-08-04T12:00:00,19.09
11077,23,2024-08-04T13:00:00,18.73
11078,23,2024-08-04T14:00:00,18.79
11079,23,2024-08-04T15:00:00,18.62
11080,23,2024-08-04T16:00:00,18.83
11081,23,2024-08-04T17:00:00,18.27
11082,23,2024-08-04T18:00:00,17.59
11083,23,2024-08-04T19:00:00,16.69
11084,23,2024-08-04T20:00:00,15.48
11085,23,2024-08-04T21:00:00,14.78
11086,23,2024-08-04T22:00:00,14.45
11087,23,2024-08-04T23:00:00,14.23
11088,23,2024-08-05T00:00:00,14.06
11089,23,2024-08-05T01:00:00,14.02
11090,23,2024-08-05T02:00:00,14.13
11091,23,2024-08-05T03:00:00,14.02
11092,23,2024-08-05T04:00:00,13.78
11093,23,2024-08-05T05:00:00,13.45
11094,23,2024-08-05T06:00:00,14.23
11095,23,2024-08-05T07:00:00,15.9
11096,23,2024-08-05T08:00:00,17.52
11097,23,2024-08-05T09:00:00,18.98
11098,23,2024-08-05T10:00:00,20.24
11099,23,2024-08-05T11:00:00,21.15
11100,23,2024-08-05T12:00:00,22.02
11101,23,2024-08-05T13:00:00,22.84
11102,23,2024-08-05T14:00:00,23.57
11103,23,2024-08-05T15:00:00,23.92
11104,23,2024-08-05T16:00:00,24.04
11105,23,2024-08-05T17:00:00,23.91
11106,23,2024-08-05T18:00:00,23.44
11107,23,2024-08-05T19:00:00,21.41
11108,23,2024-08-05T20:00:00,18.08
11109,23,2024-08-05T21:00:00,16.43
11110,23,2024-08-05T22:00:00,15.44
11111,23,2024-08-05T23:00:00,14.84
11112,23,2024-08-06T00:00:00,14.09
11113,23,2024-08-06T01:00:00,13.51
11114,23,2024-08-06T02:00:00,13.15
11115,23,2024-08-06T03:00:00,13.41
11116,23,2024-08-06T04:00:00,13.65
11117,23,2024-08-06T05:00:00,13.52
11118,23,2024-08-06T06:00:00,15.58
11119,23,2024-08-06T07:00:00,18.31
11120,23,2024-08-06T08:00:00,20.53
11121,23,2024-08-06T09:00:00,22.47
11122,23,2024-08-06T10:00:00,23.92
11123,23,2024-08-06T11:00:00,24.82
11124,23,2024-08-06T12:00:00,25.27
11125,23,2024-08-06T13:00:00,25.74
11126,23,2024-08-06T14:00:00,26.05
11127,23,2024-08-06T15:00:00,26.0
11128,23,2024-08-06T16:00:00,25.88
11129,23,2024-08-06T17:00:00,25.46
11130,23,2024-08-06T18:00:00,24.55
11131,23,2024-08-06T19:00:00,22.28
11132,23,2024-08-06T20:00:00,19.76
11133,23,2024-08-06T21:00:00,18.41
11134,23,2024-08-06T22:00:00,16.89
11135,23,2024-08-06T23:00:00,16.09
11136,23,2024-08-07T00:00:00,16.06
11137,23,2024-08-07T01:00:00,15.74
11138,23,2024-08-07T02:00:00,15.69
11139,23,2024-08-07T03:00:00,15.72
11140,23,2024-08-07T04:00:00,16.06
11141,23,2024-08-07T05:00:00,15.76
11142,23,2024-08-07T06:00:00,16.46
11143,23,2024-08-07T07:00:00,16.93
11144,23,2024-08-07T08:00:00,17.38
11145,23,2024-08-07T09:00:00,17.1
11146,23,2024-08-07T10:00:00,16.51
11147,23,2024-08-07T11:00:00,16.03
11148,23,2024-08-07T12:00:00,16.48
11149,23,2024-08-07T13:00:00,17.55
11150,23,2024-08-07T14:00:00,17.88
11151,23,2024-08-07T15:00:00,18.47
11152,23,2024-08-07T16:00:00,19.51
11153,23,2024-08-07T17:00:00,19.77
11154,23,2024-08-07T18:00:00,19.21
11155,23,2024-08-07T19:00:00,17.33
11156,23,2024-08-07T20:00:00,15.97
11157,23,2024-08-07T21:00:00,15.55
11158,23,2024-08-07T22:00:00,15.55
11159,23,2024-08-07T23:00:00,15.16
11160,23,2024-08-08T00:00:00,14.36
11161,23,2024-08-08T01:00:00,13.82
11162,23,2024-08-08T02:00:00,13.53
11163,23,2024-08-08T03:00:00,13.52
11164,23,2024-08-08T04:00:00,13.31
11165,23,2024-08-08T05:00:00,13.05
11166,23,2024-08-08T06:00:00,13.53
11167,23,2024-08-08T07:00:00,14.44
11168,23,2024-08-08T08:00:00,15.46
11169,23,2024-08-08T09:00:00,16.71
11170,23,2024-08-08T10:00:00,17.75
11171,23,2024-08-08T11:00:00,18.81
11172,23,2024-08-08T12:00:00,19.56
11173,23,2024-08-08T13:00:00,20.11
11174,23,2024-08-08T14:00:00,20.46
11175,23,2024-08-08T15:00:00,20.95
11176,23,2024-08-08T16:00:00,20.79
11177,23,2024-08-08T17:00:00,20.27
11178,23,2024-08-08T18:00:00,19.92
11179,23,2024-08-08T19:00:00,18.17
11180,23,2024-08-08T20:00:00,16.04
11181,23,2024-08-08T21:00:00,16.09
11182,23,2024-08-08T22:00:00,16.57
11183,23,2024-08-08T23:00:00,17.36
11184,23,2024-08-09T00:00:00,17.55
11185,23,2024-08-09T01:00:00,17.61
11186,23,2024-08-09T02:00:00,17.78
11187,23,2024-08-09T03:00:00,17.64
11188,23,2024-08-09T04:00:00,17.54
11189,23,2024-08-09T05:00:00,17.46
11190,23,2024-08-09T06:00:00,17.54
11191,23,2024-08-09T07:00:00,18.22
11192,23,2024-08-09T08:00:00,19.61
11193,23,2024-08-09T09:00:00,20.1
11194,23,2024-08-09T10:00:00,20.63
11195,23,2024-08-09T11:00:00,20.64
11196,23,2024-08-09T12:00:00,20.74
11197,23,2024-08-09T13:00:00,20.76
11198,23,2024-08-09T14:00:00,21.19
11199,23,2024-08-09T15:00:00,21.42
11200,23,2024-08-09T16:00:00,21.33
11201,23,2024-08-09T17:00:00,21.54
11202,23,2024-08-09T18:00:00,21.43
11203,23,2024-08-09T19:00:00,20.21
11204,23,2024-08-09T20:00:00,18.23
11205,23,2024-08-09T21:00:00,17.08
11206,23,2024-08-09T22:00:00,16.44
11207,23,2024-08-09T23:00:00,15.99
11208,23,2024-08-10T00:00:00,15.26
11209,23,2024-08-10T01:00:00,14.23
11210,23,2024-08-10T02:00:00,13.25
11211,23,2024-08-10T03:00:00,12.24
11212,23,2024-08-10T04:00:00,11.46
11213,23,2024-08-10T05:00:00,11.33
11214,23,2024-08-10T06:00:00,12.55
11215,23,2024-08-10T07:00:00,14.19
11216,23,2024-08-10T08:00:00,15.96
11217,23,2024-08-10T09:00:00,17.9
11218,23,2024-08-10T10:00:00,19.38
11219,23,2024-08-10T11:00:00,20.67
11220,23,2024-08-10T12:00:00,21.92
11221,23,2024-08-10T13:00:00,22.95
11222,23,2024-08-10T14:00:00,23.78
11223,23,2024-08-10T15:00:00,24.2
11224,23,2024-08-10T16:00:00,24.17
11225,23,2024-08-10T17:00:00,23.7
11226,23,2024-08-10T18:00:00,22.88
11227,23,2024-08-10T19:00:00,21.06
11228,23,2024-08-10T20:00:00,17.99
11229,23,2024-08-10T21:00:00,16.52
11230,23,2024-08-10T22:00:00,15.72
11231,23,2024-08-10T23:00:00,15.3
11232,23,2024-08-11T00:00:00,14.82
11233,23,2024-08-11T01:00:00,14.41
11234,23,2024-08-11T02:00:00,13.82
11235,23,2024-08-11T03:00:00,13.41
11236,23,2024-08-11T04:00:00,13.32
11237,23,2024-08-11T05:00:00,13.37
11238,23,2024-08-11T06:00:00,14.66
11239,23,2024-08-11T07:00:00,17.56
11240,23,2024-08-11T08:00:00,20.1
11241,23,2024-08-11T09:00:00,21.8
11242,23,2024-08-11T10:00:00,23.33
11243,23,2024-08-11T11:00:00,24.31
11244,23,2024-08-11T12:00:00,25.15
11245,23,2024-08-11T13:00:00,25.83
11246,23,2024-08-11T14:00:00,26.31
11247,23,2024-08-11T15:00:00,26.48
11248,23,2024-08-11T16:00:00,26.43
11249,23,2024-08-11T17:00:00,25.83
11250,23,2024-08-11T18:00:00,24.73
11251,23,2024-08-11T19:00:00,23.22
11252,23,2024-08-11T20:00:00,21.77
11253,23,2024-08-11T21:00:00,20.95
11254,23,2024-08-11T22:00:00,20.51
11255,23,2024-08-11T23:00:00,19.99
11256,23,2024-08-12T00:00:00,19.5
11257,23,2024-08-12T01:00:00,19.28
11258,23,2024-08-12T02:00:00,19.01
11259,23,2024-08-12T03:00:00,18.89
11260,23,2024-08-12T04:00:00,18.56
11261,23,2024-08-12T05:00:00,18.72
11262,23,2024-08-12T06:00:00,19.59
11263,23,2024-08-12T07:00:00,21.65
11264,23,2024-08-12T08:00:00,23.45
11265,23,2024-08-12T09:00:00,25.32
11266,23,2024-08-12T10:00:00,26.9
11267,23,2024-08-12T11:00:00,28.21
11268,23,2024-08-12T12:00:00,29.11
11269,23,2024-08-12T13:00:00,30.23
11270,23,2024-08-12T14:00:00,31.0
11271,23,2024-08-12T15:00:00,30.93
11272,23,2024-08-12T16:00:00,30.97
11273,23,2024-08-12T17:00:00,30.61
11274,23,2024-08-12T18:00:00,29.62
11275,23,2024-08-12T19:00:00,27.13
11276,23,2024-08-12T20:00:00,24.45
11277,23,2024-08-12T21:00:00,22.88
11278,23,2024-08-12T22:00:00,22.19
11279,23,2024-08-12T23:00:00,22.51
11280,23,2024-08-13T00:00:00,21.73
11281,23,2024-08-13T01:00:00,20.93
11282,23,2024-08-13T02:00:00,20.72
11283,23,2024-08-13T03:00:00,20.67
11284,23,2024-08-13T04:00:00,20.35
11285,23,2024-08-13T05:00:00,19.86
11286,23,2024-08-13T06:00:00,20.36
11287,23,2024-08-13T07:00:00,22.66
11288,23,2024-08-13T08:00:00,24.69
11289,23,2024-08-13T09:00:00,26.83
11290,23,2024-08-13T10:00:00,28.21
11291,23,2024-08-13T11:00:00,29.29
11292,23,2024-08-13T12:00:00,30.15
11293,23,2024-08-13T13:00:00,30.83
11294,23,2024-08-13T14:00:00,30.83
11295,23,2024-08-13T15:00:00,30.31
11296,23,2024-08-13T16:00:00,29.44
11297,23,2024-08-13T17:00:00,26.37
11298,23,2024-08-13T18:00:00,23.91
11299,23,2024-08-13T19:00:00,21.43
11300,23,2024-08-13T20:00:00,20.12
11301,23,2024-08-13T21:00:00,19.62
11302,23,2024-08-13T22:00:00,19.21
11303,23,2024-08-13T23:00:00,19.41
11304,23,2024-08-14T00:00:00,18.91
11305,23,2024-08-14T01:00:00,18.48
11306,23,2024-08-14T02:00:00,18.48
11307,23,2024-08-14T03:00:00,17.95
11308,23,2024-08-14T04:00:00,17.79
11309,23,2024-08-14T05:00:00,17.49
11310,23,2024-08-14T06:00:00,17.65
11311,23,2024-08-14T07:00:00,18.57
11312,23,2024-08-14T08:00:00,19.83
11313,23,2024-08-14T09:00:00,20.25
11314,23,2024-08-14T10:00:00,20.6
11315,23,2024-08-14T11:00:00,19.24
11316,23,2024-08-14T12:00:00,18.99
11317,23,2024-08-14T13:00:00,19.22
11318,23,2024-08-14T14:00:00,19.2
11319,23,2024-08-14T15:00:00,19.07
11320,23,2024-08-14T16:00:00,18.41
11321,23,2024-08-14T17:00:00,18.48
11322,23,2024-08-14T18:00:00,18.26
11323,23,2024-08-14T19:00:00,17.49
11324,23,2024-08-14T20:00:00,16.43
11325,23,2024-08-14T21:00:00,15.37
11326,23,2024-08-14T22:00:00,14.74
11327,23,2024-08-14T23:00:00,13.9
11328,23,2024-08-15T00:00:00,13.81
11329,23,2024-08-15T01:00:00,13.63
11330,23,2024-08-15T02:00:00,13.11
11331,23,2024-08-15T03:00:00,12.6
11332,23,2024-08-15T04:00:00,12.35
11333,23,2024-08-15T05:00:00,12.79
11334,23,2024-08-15T06:00:00,14.0
11335,23,2024-08-15T07:00:00,16.24
11336,23,2024-08-15T08:00:00,18.49
11337,23,2024-08-15T09:00:00,20.26
11338,23,2024-08-15T10:00:00,21.12
11339,23,2024-08-15T11:00:00,22.48
11340,23,2024-08-15T12:00:00,23.15
11341,23,2024-08-15T13:00:00,23.35
11342,23,2024-08-15T14:00:00,24.02
11343,23,2024-08-15T15:00:00,24.16
11344,23,2024-08-15T16:00:00,24.07
11345,23,2024-08-15T17:00:00,23.86
11346,23,2024-08-15T18:00:00,23.0
11347,23,2024-08-15T19:00:00,21.75
11348,23,2024-08-15T20:00:00,19.43
11349,23,2024-08-15T21:00:00,17.98
11350,23,2024-08-15T22:00:00,17.36
11351,23,2024-08-15T23:00:00,16.57
11352,23,2024-08-16T00:00:00,15.66
11353,23,2024-08-16T01:00:00,15.24
11354,23,2024-08-16T02:00:00,14.9
11355,23,2024-08-16T03:00:00,13.96
11356,23,2024-08-16T04:00:00,13.67
11357,23,2024-08-16T05:00:00,13.91
11358,23,2024-08-16T06:00:00,15.16
11359,23,2024-08-16T07:00:00,17.24
11360,23,2024-08-16T08:00:00,18.84
11361,23,2024-08-16T09:00:00,20.06
11362,23,2024-08-16T10:00:00,20.64
11363,23,2024-08-16T11:00:00,20.7
11364,23,2024-08-16T12:00:00,20.98
11365,23,2024-08-16T13:00:00,21.73
11366,23,2024-08-16T14:00:00,21.58
11367,23,2024-08-16T15:00:00,21.31
11368,23,2024-08-16T16:00:00,21.36
11369,23,2024-08-16T17:00:00,21.17
11370,23,2024-08-16T18:00:00,20.65
11371,23,2024-08-16T19:00:00,19.89
11372,23,2024-08-16T20:00:00,19.23
11373,23,2024-08-16T21:00:00,18.74
11374,23,2024-08-16T22:00:00,18.37
11375,23,2024-08-16T23:00:00,18.17
11376,23,2024-08-17T00:00:00,18.08
11377,23,2024-08-17T01:00:00,18.07
11378,23,2024-08-17T02:00:00,17.9
11379,23,2024-08-17T03:00:00,17.75
11380,23,2024-08-17T04:00:00,17.7
11381,23,2024-08-17T05:00:00,17.54
11382,23,2024-08-17T06:00:00,17.34
11383,23,2024-08-17T07:00:00,17.35
11384,23,2024-08-17T08:00:00,17.6
11385,23,2024-08-17T09:00:00,18.01
11386,23,2024-08-17T10:00:00,18.94
11387,23,2024-08-17T11:00:00,19.83
11388,23,2024-08-17T12:00:00,20.6
11389,23,2024-08-17T13:00:00,20.97
11390,23,2024-08-17T14:00:00,20.61
11391,23,2024-08-17T15:00:00,20.61
11392,23,2024-08-17T16:00:00,20.16
11393,23,2024-08-17T17:00:00,19.25
11394,23,2024-08-17T18:00:00,18.47
11395,23,2024-08-17T19:00:00,17.92
11396,23,2024-08-17T20:00:00,17.42
11397,23,2024-08-17T21:00:00,17.07
11398,23,2024-08-17T22:00:00,16.86
11399,23,2024-08-17T23:00:00,16.71
11400,23,2024-08-18T00:00:00,16.5
11401,23,2024-08-18T01:00:00,16.31
11402,23,2024-08-18T02:00:00,15.76
11403,23,2024-08-18T03:00:00,15.43
11404,23,2024-08-18T04:00:00,15.47
11405,23,2024-08-18T05:00:00,15.39
11406,23,2024-08-18T06:00:00,15.5
11407,23,2024-08-18T07:00:00,16.03
11408,23,2024-08-18T08:00:00,16.36
11409,23,2024-08-18T09:00:00,16.93
11410,23,2024-08-18T10:00:00,17.68
11411,23,2024-08-18T11:00:00,18.31
11412,23,2024-08-18T12:00:00,19.02
11413,23,2024-08-18T13:00:00,19.61
11414,23,2024-08-18T14:00:00,20.0
11415,23,2024-08-18T15:00:00,19.86
11416,23,2024-08-18T16:00:00,19.42
11417,23,2024-08-18T17:00:00,19.05
11418,23,2024-08-18T18:00:00,18.21
11419,23,2024-08-18T19:00:00,17.03
11420,23,2024-08-18T20:00:00,16.19
11421,23,2024-08-18T21:00:00,15.54
11422,23,2024-08-18T22:00:00,14.36
11423,23,2024-08-18T23:00:00,13.2
11424,23,2024-08-19T00:00:00,12.46
11425,23,2024-08-19T01:00:00,11.55
11426,23,2024-08-19T02:00:00,11.05
11427,23,2024-08-19T03:00:00,10.65
11428,23,2024-08-19T04:00:00,9.99
11429,23,2024-08-19T05:00:00,9.43
11430,23,2024-08-19T06:00:00,10.26
11431,23,2024-08-19T07:00:00,12.26
11432,23,2024-08-19T08:00:00,14.25
11433,23,2024-08-19T09:00:00,16.31
11434,23,2024-08-19T10:00:00,17.67
11435,23,2024-08-19T11:00:00,18.0
11436,23,2024-08-19T12:00:00,19.31
11437,23,2024-08-19T13:00:00,20.15
11438,23,2024-08-19T14:00:00,20.59
11439,23,2024-08-19T15:00:00,20.72
11440,23,2024-08-19T16:00:00,20.87
11441,23,2024-08-19T17:00:00,20.35
11442,23,2024-08-19T18:00:00,19.39
11443,23,2024-08-19T19:00:00,16.84
11444,23,2024-08-19T20:00:00,14.68
11445,23,2024-08-19T21:00:00,13.54
11446,23,2024-08-19T22:00:00,12.93
11447,23,2024-08-19T23:00:00,12.32
11448,23,2024-08-20T00:00:00,12.08
11449,23,2024-08-20T01:00:00,11.82
11450,23,2024-08-20T02:00:00,12.11
11451,23,2024-08-20T03:00:00,12.57
11452,23,2024-08-20T04:00:00,12.19
11453,23,2024-08-20T05:00:00,11.86
11454,23,2024-08-20T06:00:00,11.96
11455,23,2024-08-20T07:00:00,13.89
11456,23,2024-08-20T08:00:00,16.31
11457,23,2024-08-20T09:00:00,18.17
11458,23,2024-08-20T10:00:00,19.46
11459,23,2024-08-20T11:00:00,20.52
11460,23,2024-08-20T12:00:00,21.55
11461,23,2024-08-20T13:00:00,22.04
11462,23,2024-08-20T14:00:00,22.4
11463,23,2024-08-20T15:00:00,22.5
11464,23,2024-08-20T16:00:00,21.92
11465,23,2024-08-20T17:00:00,20.97
11466,23,2024-08-20T18:00:00,19.63
11467,23,2024-08-20T19:00:00,18.38
11468,23,2024-08-20T20:00:00,17.39
11469,23,2024-08-20T21:00:00,16.58
11470,23,2024-08-20T22:00:00,15.41
11471,23,2024-08-20T23:00:00,14.86
11472,23,2024-08-21T00:00:00,14.23
11473,23,2024-08-21T01:00:00,13.82
11474,23,2024-08-21T02:00:00,13.37
11475,23,2024-08-21T03:00:00,12.75
11476,23,2024-08-21T04:00:00,12.21
11477,23,2024-08-21T05:00:00,11.57
11478,23,2024-08-21T06:00:00,11.32
11479,23,2024-08-21T07:00:00,12.13
11480,23,2024-08-21T08:00:00,13.05
11481,23,2024-08-21T09:00:00,14.47
11482,23,2024-08-21T10:00:00,15.35
11483,23,2024-08-21T11:00:00,16.13
11484,23,2024-08-21T12:00:00,16.66
11485,23,2024-08-21T13:00:00,17.11
11486,23,2024-08-21T14:00:00,17.28
11487,23,2024-08-21T15:00:00,16.93
11488,23,2024-08-21T16:00:00,16.89
11489,23,2024-08-21T17:00:00,16.58
11490,23,2024-08-21T18:00:00,15.89
11491,23,2024-08-21T19:00:00,13.73
11492,23,2024-08-21T20:00:00,11.87
11493,23,2024-08-21T21:00:00,11.02
11494,23,2024-08-21T22:00:00,10.27
11495,23,2024-08-21T23:00:00,10.01
11496,23,2024-08-22T00:00:00,10.48
11497,23,2024-08-22T01:00:00,10.2
11498,23,2024-08-22T02:00:00,9.74
11499,23,2024-08-22T03:00:00,9.66
11500,23,2024-08-22T04:00:00,10.05
11501,23,2024-08-22T05:00:00,10.1
11502,23,2024-08-22T06:00:00,10.95
11503,23,2024-08-22T07:00:00,12.34
11504,23,2024-08-22T08:00:00,14.4
11505,23,2024-08-22T09:00:00,16.14
11506,23,2024-08-22T10:00:00,17.61
11507,23,2024-08-22T11:00:00,18.65
11508,23,2024-08-22T12:00:00,19.54
11509,23,2024-08-22T13:00:00,20.35
11510,23,2024-08-22T14:00:00,20.82
11511,23,2024-08-22T15:00:00,21.02
11512,23,2024-08-22T16:00:00,20.82
11513,23,2024-08-22T17:00:00,20.1
11514,23,2024-08-22T18:00:00,18.73
11515,23,2024-08-22T19:00:00,18.01
11516,23,2024-08-22T20:00:00,17.1
11517,23,2024-08-22T21:00:00,16.1
11518,23,2024-08-22T22:00:00,15.52
11519,23,2024-08-22T23:00:00,15.7
11520,23,2024-08-23T00:00:00,15.59
11521,23,2024-08-23T01:00:00,15.17
11522,23,2024-08-23T02:00:00,14.59
11523,23,2024-08-23T03:00:00,14.47
11524,23,2024-08-23T04:00:00,14.62
11525,23,2024-08-23T05:00:00,14.48
11526,23,2024-08-23T06:00:00,14.81
11527,23,2024-08-23T07:00:00,15.67
11528,23,2024-08-23T08:00:00,16.83
11529,23,2024-08-23T09:00:00,17.72
11530,23,2024-08-23T10:00:00,18.03
11531,23,2024-08-23T11:00:00,19.0
11532,23,2024-08-23T12:00:00,18.8
11533,23,2024-08-23T13:00:00,18.81
11534,23,2024-08-23T14:00:00,18.66
11535,23,2024-08-23T15:00:00,18.14
11536,23,2024-08-23T16:00:00,18.46
11537,23,2024-08-23T17:00:00,18.89
11538,23,2024-08-23T18:00:00,18.91
11539,23,2024-08-23T19:00:00,18.23
11540,23,2024-08-23T20:00:00,17.99
11541,23,2024-08-23T21:00:00,17.83
11542,23,2024-08-23T22:00:00,17.81
11543,23,2024-08-23T23:00:00,17.73
11544,23,2024-08-24T00:00:00,17.4
11545,23,2024-08-24T01:00:00,17.38
11546,23,2024-08-24T02:00:00,17.4
11547,23,2024-08-24T03:00:00,17.26
11548,23,2024-08-24T04:00:00,17.14
11549,23,2024-08-24T05:00:00,17.36
11550,23,2024-08-24T06:00:00,17.87
11551,23,2024-08-24T07:00:00,18.5
11552,23,2024-08-24T08:00:00,19.48
11553,23,2024-08-24T09:00:00,20.6
11554,23,2024-08-24T10:00:00,22.06
11555,23,2024-08-24T11:00:00,23.75
11556,23,2024-08-24T12:00:00,25.24
11557,23,2024-08-24T13:00:00,26.25
11558,23,2024-08-24T14:00:00,26.73
11559,23,2024-08-24T15:00:00,26.57
11560,23,2024-08-24T16:00:00,26.68
11561,23,2024-08-24T17:00:00,25.61
11562,23,2024-08-24T18:00:00,22.0
11563,23,2024-08-24T19:00:00,17.2
11564,23,2024-08-24T20:00:00,15.67
11565,23,2024-08-24T21:00:00,15.64
11566,23,2024-08-24T22:00:00,15.44
11567,23,2024-08-24T23:00:00,14.69
11568,23,2024-08-25T00:00:00,13.77
11569,23,2024-08-25T01:00:00,12.96
11570,23,2024-08-25T02:00:00,12.61
11571,23,2024-08-25T03:00:00,12.27
11572,23,2024-08-25T04:00:00,11.98
11573,23,2024-08-25T05:00:00,11.38
11574,23,2024-08-25T06:00:00,11.19
11575,23,2024-08-25T07:00:00,11.66
11576,23,2024-08-25T08:00:00,12.6
11577,23,2024-08-25T09:00:00,14.0
11578,23,2024-08-25T10:00:00,15.21
11579,23,2024-08-25T11:00:00,16.0
11580,23,2024-08-25T12:00:00,16.48
11581,23,2024-08-25T13:00:00,17.13
11582,23,2024-08-25T14:00:00,17.22
11583,23,2024-08-25T15:00:00,17.45
11584,23,2024-08-25T16:00:00,17.42
11585,23,2024-08-25T17:00:00,17.12
11586,23,2024-08-25T18:00:00,16.08
11587,23,2024-08-25T19:00:00,13.43
11588,23,2024-08-25T20:00:00,11.51
11589,23,2024-08-25T21:00:00,10.39
11590,23,2024-08-25T22:00:00,9.75
11591,23,2024-08-25T23:00:00,9.41
11592,23,2024-08-26T00:00:00,9.6
11593,23,2024-08-26T01:00:00,9.68
11594,23,2024-08-26T02:00:00,9.73
11595,23,2024-08-26T03:00:00,8.89
11596,23,2024-08-26T04:00:00,8.41
11597,23,2024-08-26T05:00:00,7.91
11598,23,2024-08-26T06:00:00,8.33
11599,23,2024-08-26T07:00:00,10.92
11600,23,2024-08-26T08:00:00,13.8
11601,23,2024-08-26T09:00:00,16.09
11602,23,2024-08-26T10:00:00,17.44
11603,23,2024-08-26T11:00:00,18.49
11604,23,2024-08-26T12:00:00,18.91
11605,23,2024-08-26T13:00:00,19.1
11606,23,2024-08-26T14:00:00,19.19
11607,23,2024-08-26T15:00:00,19.09
11608,23,2024-08-26T16:00:00,18.95
11609,23,2024-08-26T17:00:00,18.94
11610,23,2024-08-26T18:00:00,17.87
11611,23,2024-08-26T19:00:00,15.15
11612,23,2024-08-26T20:00:00,13.38
11613,23,2024-08-26T21:00:00,12.42
11614,23,2024-08-26T22:00:00,11.51
11615,23,2024-08-26T23:00:00,10.79
11616,23,2024-08-27T00:00:00,10.46
11617,23,2024-08-27T01:00:00,9.96
11618,23,2024-08-27T02:00:00,9.57
11619,23,2024-08-27T03:00:00,9.2
11620,23,2024-08-27T04:00:00,8.92
11621,23,2024-08-27T05:00:00,8.84
11622,23,2024-08-27T06:00:00,10.01
11623,23,2024-08-27T07:00:00,12.92
11624,23,2024-08-27T08:00:00,15.73
11625,23,2024-08-27T09:00:00,18.25
11626,23,2024-08-27T10:00:00,20.08
11627,23,2024-08-27T11:00:00,21.37
11628,23,2024-08-27T12:00:00,22.39
11629,23,2024-08-27T13:00:00,23.12
11630,23,2024-08-27T14:00:00,23.42
11631,23,2024-08-27T15:00:00,23.52
11632,23,2024-08-27T16:00:00,23.57
11633,23,2024-08-27T17:00:00,22.94
11634,23,2024-08-27T18:00:00,21.13
11635,23,2024-08-27T19:00:00,18.96
11636,23,2024-08-27T20:00:00,16.73
11637,23,2024-08-27T21:00:00,16.32
11638,23,2024-08-27T22:00:00,15.75
11639,23,2024-08-27T23:00:00,15.13
11640,23,2024-08-28T00:00:00,14.83
11641,23,2024-08-28T01:00:00,14.75
11642,23,2024-08-28T02:00:00,14.19
11643,23,2024-08-28T03:00:00,13.57
11644,23,2024-08-28T04:00:00,13.15
11645,23,2024-08-28T05:00:00,12.93
11646,23,2024-08-28T06:00:00,13.81
11647,23,2024-08-28T07:00:00,17.17
11648,23,2024-08-28T08:00:00,19.8
11649,23,2024-08-28T09:00:00,21.86
11650,23,2024-08-28T10:00:00,23.37
11651,23,2024-08-28T11:00:00,24.39
11652,23,2024-08-28T12:00:00,25.48
11653,23,2024-08-28T13:00:00,26.5
11654,23,2024-08-28T14:00:00,27.07
11655,23,2024-08-28T15:00:00,27.31
11656,23,2024-08-28T16:00:00,27.17
11657,23,2024-08-28T17:00:00,26.42
11658,23,2024-08-28T18:00:00,24.72
11659,23,2024-08-28T19:00:00,21.87
11660,23,2024-08-28T20:00:00,19.91
11661,23,2024-08-28T21:00:00,19.18
11662,23,2024-08-28T22:00:00,18.73
11663,23,2024-08-28T23:00:00,17.92
11664,23,2024-08-29T00:00:00,17.86
11665,23,2024-08-29T01:00:00,17.26
11666,23,2024-08-29T02:00:00,16.77
11667,23,2024-08-29T03:00:00,16.81
11668,23,2024-08-29T04:00:00,17.07
11669,23,2024-08-29T05:00:00,16.78
11670,23,2024-08-29T06:00:00,17.2
11671,23,2024-08-29T07:00:00,19.11
11672,23,2024-08-29T08:00:00,20.96
11673,23,2024-08-29T09:00:00,22.69
11674,23,2024-08-29T10:00:00,24.2
11675,23,2024-08-29T11:00:00,25.22
11676,23,2024-08-29T12:00:00,25.85
11677,23,2024-08-29T13:00:00,25.88
11678,23,2024-08-29T14:00:00,25.54
11679,23,2024-08-29T15:00:00,24.75
11680,23,2024-08-29T16:00:00,23.8
11681,23,2024-08-29T17:00:00,22.46
11682,23,2024-08-29T18:00:00,21.18
11683,23,2024-08-29T19:00:00,19.99
11684,23,2024-08-29T20:00:00,18.89
11685,23,2024-08-29T21:00:00,18.24
11686,23,2024-08-29T22:00:00,17.88
11687,23,2024-08-29T23:00:00,17.44
11688,23,2024-08-30T00:00:00,16.86
11689,23,2024-08-30T01:00:00,16.36
11690,23,2024-08-30T02:00:00,15.93
11691,23,2024-08-30T03:00:00,15.64
11692,23,2024-08-30T04:00:00,15.44
11693,23,2024-08-30T05:00:00,15.35
11694,23,2024-08-30T06:00:00,15.33
11695,23,2024-08-30T07:00:00,15.56
11696,23,2024-08-30T08:00:00,15.82
11697,23,2024-08-30T09:00:00,16.12
11698,23,2024-08-30T10:00:00,16.81
11699,23,2024-08-30T11:00:00,17.18
11700,23,2024-08-30T12:00:00,17.67
11701,23,2024-08-30T13:00:00,18.52
11702,23,2024-08-30T14:00:00,18.86
11703,23,2024-08-30T15:00:00,19.12
11704,23,2024-08-30T16:00:00,18.87
11705,23,2024-08-30T17:00:00,18.18
11706,23,2024-08-30T18:00:00,17.4
11707,23,2024-08-30T19:00:00,16.55
11708,23,2024-08-30T20:00:00,16.03
11709,23,2024-08-30T21:00:00,15.62
11710,23,2024-08-30T22:00:00,15.4
11711,23,2024-08-30T23:00:00,15.36
11712,23,2024-08-31T00:00:00,15.24
11713,23,2024-08-31T01:00:00,15.08
11714,23,2024-08-31T02:00:00,14.85
11715,23,2024-08-31T03:00:00,14.54
11716,23,2024-08-31T04:00:00,14.28
11717,23,2024-08-31T05:00:00,14.03
11718,23,2024-08-31T06:00:00,13.96
11719,23,2024-08-31T07:00:00,14.8
11720,23,2024-08-31T08:00:00,16.16
11721,23,2024-08-31T09:00:00,18.14
11722,23,2024-08-31T10:00:00,20.11
11723,23,2024-08-31T11:00:00,21.82
11724,23,2024-08-31T12:00:00,23.19
11725,23,2024-08-31T13:00:00,24.3
11726,23,2024-08-31T14:00:00,24.61
11727,23,2024-08-31T15:00:00,24.69
11728,23,2024-08-31T16:00:00,24.21
11729,23,2024-08-31T17:00:00,23.35
11730,23,2024-08-31T18:00:00,22.07
11731,23,2024-08-31T19:00:00,21.0
11732,23,2024-08-31T20:00:00,20.45
11733,23,2024-08-31T21:00:00,20.04
11734,23,2024-08-31T22:00:00,19.7
11735,23,2024-08-31T23:00:00,19.22
11736,23,2024-09-01T00:00:00,18.84
11737,23,2024-09-01T01:00:00,18.97
11738,23,2024-09-01T02:00:00,18.98
11739,23,2024-09-01T03:00:00,19.06
11740,23,2024-09-01T04:00:00,19.25
11741,23,2024-09-01T05:00:00,18.77
11742,23,2024-09-01T06:00:00,18.87
11743,23,2024-09-01T07:00:00,20.56
11744,23,2024-09-01T08:00:00,22.8
11745,23,2024-09-01T09:00:00,24.72
11746,23,2024-09-01T10:00:00,26.34
11747,23,2024-09-01T11:00:00,27.57
11748,23,2024-09-01T12:00:00,28.48
11749,23,2024-09-01T13:00:00,29.07
11750,23,2024-09-01T14:00:00,29.38
11751,23,2024-09-01T15:00:00,29.31
11752,23,2024-09-01T16:00:00,28.94
11753,23,2024-09-01T17:00:00,28.14
11754,23,2024-09-01T18:00:00,26.05
11755,23,2024-09-01T19:00:00,22.95
11756,23,2024-09-01T20:00:00,21.25
11757,23,2024-09-01T21:00:00,20.32
11758,23,2024-09-01T22:00:00,19.44
11759,23,2024-09-01T23:00:00,19.0
11760,23,2024-09-02T00:00:00,18.3
11761,23,2024-09-02T01:00:00,17.69
11762,23,2024-09-02T02:00:00,17.61
11763,23,2024-09-02T03:00:00,17.16
11764,23,2024-09-02T04:00:00,16.91
11765,23,2024-09-02T05:00:00,16.81
11766,23,2024-09-02T06:00:00,16.9
11767,23,2024-09-02T07:00:00,18.92
11768,23,2024-09-02T08:00:00,20.85
11769,23,2024-09-02T09:00:00,22.31
11770,23,2024-09-02T10:00:00,23.32
11771,23,2024-09-02T11:00:00,24.41
11772,23,2024-09-02T12:00:00,24.89
11773,23,2024-09-02T13:00:00,25.11
11774,23,2024-09-02T14:00:00,22.07
11775,23,2024-09-02T15:00:00,20.31
11776,23,2024-09-02T16:00:00,19.16
11777,23,2024-09-02T17:00:00,19.16
11778,23,2024-09-02T18:00:00,19.03
11779,23,2024-09-02T19:00:00,18.25
11780,23,2024-09-02T20:00:00,17.92
11781,23,2024-09-02T21:00:00,17.76
11782,23,2024-09-02T22:00:00,17.77
11783,23,2024-09-02T23:00:00,17.27
11784,23,2024-09-03T00:00:00,17.23
11785,23,2024-09-03T01:00:00,16.99
11786,23,2024-09-03T02:00:00,17.05
11787,23,2024-09-03T03:00:00,17.31
11788,23,2024-09-03T04:00:00,16.81
11789,23,2024-09-03T05:00:00,16.33
11790,23,2024-09-03T06:00:00,16.54
11791,23,2024-09-03T07:00:00,17.56
11792,23,2024-09-03T08:00:00,19.06
11793,23,2024-09-03T09:00:00,19.99
11794,23,2024-09-03T10:00:00,20.92
11795,23,2024-09-03T11:00:00,21.58
11796,23,2024-09-03T12:00:00,21.7
11797,23,2024-09-03T13:00:00,21.75
11798,23,2024-09-03T14:00:00,21.87
11799,23,2024-09-03T15:00:00,22.32
11800,23,2024-09-03T16:00:00,22.17
11801,23,2024-09-03T17:00:00,21.56
11802,23,2024-09-03T18:00:00,19.97
11803,23,2024-09-03T19:00:00,18.58
11804,23,2024-09-03T20:00:00,17.92
11805,23,2024-09-03T21:00:00,17.4
11806,23,2024-09-03T22:00:00,16.96
11807,23,2024-09-03T23:00:00,16.56
11808,23,2024-09-04T00:00:00,16.44
11809,23,2024-09-04T01:00:00,16.24
11810,23,2024-09-04T02:00:00,16.09
11811,23,2024-09-04T03:00:00,16.17
11812,23,2024-09-04T04:00:00,16.08
11813,23,2024-09-04T05:00:00,15.89
11814,23,2024-09-04T06:00:00,15.76
11815,23,2024-09-04T07:00:00,15.77
11816,23,2024-09-04T08:00:00,15.79
11817,23,2024-09-04T09:00:00,15.93
11818,23,2024-09-04T10:00:00,16.32
11819,23,2024-09-04T11:00:00,17.0
11820,23,2024-09-04T12:00:00,17.6
11821,23,2024-09-04T13:00:00,18.24
11822,23,2024-09-04T14:00:00,18.56
11823,23,2024-09-04T15:00:00,18.29
11824,23,2024-09-04T16:00:00,17.68
11825,23,2024-09-04T17:00:00,17.21
11826,23,2024-09-04T18:00:00,16.86
11827,23,2024-09-04T19:00:00,15.99
11828,23,2024-09-04T20:00:00,15.52
11829,23,2024-09-04T21:00:00,14.71
11830,23,2024-09-04T22:00:00,14.59
11831,23,2024-09-04T23:00:00,14.31
11832,23,2024-09-05T00:00:00,14.13
11833,23,2024-09-05T01:00:00,14.23
11834,23,2024-09-05T02:00:00,14.81
11835,23,2024-09-05T03:00:00,15.14
11836,23,2024-09-05T04:00:00,15.36
11837,23,2024-09-05T05:00:00,15.49
11838,23,2024-09-05T06:00:00,15.76
11839,23,2024-09-05T07:00:00,16.11
11840,23,2024-09-05T08:00:00,16.51
11841,23,2024-09-05T09:00:00,17.04
11842,23,2024-09-05T10:00:00,17.65
11843,23,2024-09-05T11:00:00,18.53
11844,23,2024-09-05T12:00:00,20.25
11845,23,2024-09-05T13:00:00,21.74
11846,23,2024-09-05T14:00:00,22.82
11847,23,2024-09-05T15:00:00,23.32
11848,23,2024-09-05T16:00:00,23.27
11849,23,2024-09-05T17:00:00,22.28
11850,23,2024-09-05T18:00:00,20.95
11851,23,2024-09-05T19:00:00,19.28
11852,23,2024-09-05T20:00:00,18.34
11853,23,2024-09-05T21:00:00,18.09
11854,23,2024-09-05T22:00:00,17.52
11855,23,2024-09-05T23:00:00,16.99
11856,23,2024-09-06T00:00:00,16.67
11857,23,2024-09-06T01:00:00,16.44
11858,23,2024-09-06T02:00:00,16.78
11859,23,2024-09-06T03:00:00,16.09
11860,23,2024-09-06T04:00:00,15.7
11861,23,2024-09-06T05:00:00,15.53
11862,23,2024-09-06T06:00:00,15.53
11863,23,2024-09-06T07:00:00,15.76
11864,23,2024-09-06T08:00:00,16.04
11865,23,2024-09-06T09:00:00,16.38
11866,23,2024-09-06T10:00:00,16.68
11867,23,2024-09-06T11:00:00,16.78
11868,23,2024-09-06T12:00:00,17.12
11869,23,2024-09-06T13:00:00,17.35
11870,23,2024-09-06T14:00:00,17.62
11871,23,2024-09-06T15:00:00,17.18
11872,23,2024-09-06T16:00:00,17.08
11873,23,2024-09-06T17:00:00,16.78
11874,23,2024-09-06T18:00:00,16.42
11875,23,2024-09-06T19:00:00,15.98
11876,23,2024-09-06T20:00:00,15.33
11877,23,2024-09-06T21:00:00,14.51
11878,23,2024-09-06T22:00:00,14.36
11879,23,2024-09-06T23:00:00,14.25
11880,23,2024-09-07T00:00:00,14.11
11881,23,2024-09-07T01:00:00,13.87
11882,23,2024-09-07T02:00:00,13.96
11883,23,2024-09-07T03:00:00,13.96
11884,23,2024-09-07T04:00:00,13.81
11885,23,2024-09-07T05:00:00,13.5
11886,23,2024-09-07T06:00:00,13.47
11887,23,2024-09-07T07:00:00,14.57
11888,23,2024-09-07T08:00:00,17.12
11889,23,2024-09-07T09:00:00,19.78
11890,23,2024-09-07T10:00:00,21.53
11891,23,2024-09-07T11:00:00,23.19
11892,23,2024-09-07T12:00:00,24.04
11893,23,2024-09-07T13:00:00,24.53
11894,23,2024-09-07T14:00:00,25.11
11895,23,2024-09-07T15:00:00,24.9
11896,23,2024-09-07T16:00:00,24.16
11897,23,2024-09-07T17:00:00,23.36
11898,23,2024-09-07T18:00:00,22.17
11899,23,2024-09-07T19:00:00,21.51
11900,23,2024-09-07T20:00:00,21.18
11901,23,2024-09-07T21:00:00,20.39
11902,23,2024-09-07T22:00:00,19.04
11903,23,2024-09-07T23:00:00,18.3
11904,23,2024-09-08T00:00:00,17.93
11905,23,2024-09-08T01:00:00,17.29
11906,23,2024-09-08T02:00:00,17.08
11907,23,2024-09-08T03:00:00,16.85
11908,23,2024-09-08T04:00:00,16.42
11909,23,2024-09-08T05:00:00,15.25
11910,23,2024-09-08T06:00:00,14.45
11911,23,2024-09-08T07:00:00,14.64
11912,23,2024-09-08T08:00:00,15.51
11913,23,2024-09-08T09:00:00,16.12
11914,23,2024-09-08T10:00:00,16.87
11915,23,2024-09-08T11:00:00,17.72
11916,23,2024-09-08T12:00:00,18.24
11917,23,2024-09-08T13:00:00,19.0
11918,23,2024-09-08T14:00:00,18.66
11919,23,2024-09-08T15:00:00,18.77
11920,23,2024-09-08T16:00:00,18.25
11921,23,2024-09-08T17:00:00,17.37
11922,23,2024-09-08T18:00:00,15.93
11923,23,2024-09-08T19:00:00,13.86
11924,23,2024-09-08T20:00:00,12.94
11925,23,2024-09-08T21:00:00,12.36
11926,23,2024-09-08T22:00:00,12.29
11927,23,2024-09-08T23:00:00,12.86
11928,23,2024-09-09T00:00:00,13.45
11929,23,2024-09-09T01:00:00,13.64
11930,23,2024-09-09T02:00:00,13.81
11931,23,2024-09-09T03:00:00,13.48
11932,23,2024-09-09T04:00:00,13.01
11933,23,2024-09-09T05:00:00,13.03
11934,23,2024-09-09T06:00:00,12.88
11935,23,2024-09-09T07:00:00,12.9
11936,23,2024-09-09T08:00:00,13.06
11937,23,2024-09-09T09:00:00,13.58
11938,23,2024-09-09T10:00:00,14.25
11939,23,2024-09-09T11:00:00,14.17
11940,23,2024-09-09T12:00:00,14.57
11941,23,2024-09-09T13:00:00,15.11
11942,23,2024-09-09T14:00:00,15.09
11943,23,2024-09-09T15:00:00,15.46
11944,23,2024-09-09T16:00:00,15.21
11945,23,2024-09-09T17:00:00,15.32
11946,23,2024-09-09T18:00:00,14.94
11947,23,2024-09-09T19:00:00,14.63
11948,23,2024-09-09T20:00:00,14.14
11949,23,2024-09-09T21:00:00,13.66
11950,23,2024-09-09T22:00:00,12.51
11951,23,2024-09-09T23:00:00,11.84
11952,23,2024-09-10T00:00:00,11.84
11953,23,2024-09-10T01:00:00,11.83
11954,23,2024-09-10T02:00:00,11.64
11955,23,2024-09-10T03:00:00,11.46
11956,23,2024-09-10T04:00:00,11.32
11957,23,2024-09-10T05:00:00,11.2
11958,23,2024-09-10T06:00:00,11.09
11959,23,2024-09-10T07:00:00,11.28
11960,23,2024-09-10T08:00:00,12.26
11961,23,2024-09-10T09:00:00,12.8
11962,23,2024-09-10T10:00:00,13.33
11963,23,2024-09-10T11:00:00,13.97
11964,23,2024-09-10T12:00:00,14.27
11965,23,2024-09-10T13:00:00,14.32
11966,23,2024-09-10T14:00:00,14.24
11967,23,2024-09-10T15:00:00,13.71
11968,23,2024-09-10T16:00:00,13.14
11969,23,2024-09-10T17:00:00,12.92
11970,23,2024-09-10T18:00:00,12.79
11971,23,2024-09-10T19:00:00,12.41
11972,23,2024-09-10T20:00:00,12.19
11973,23,2024-09-10T21:00:00,12.1
11974,23,2024-09-10T22:00:00,12.04
11975,23,2024-09-10T23:00:00,11.91
11976,23,2024-09-11T00:00:00,11.95
11977,23,2024-09-11T01:00:00,12.0
11978,23,2024-09-11T02:00:00,11.66
11979,23,2024-09-11T03:00:00,11.19
11980,23,2024-09-11T04:00:00,10.0
11981,23,2024-09-11T05:00:00,9.19
11982,23,2024-09-11T06:00:00,8.58
11983,23,2024-09-11T07:00:00,8.66
11984,23,2024-09-11T08:00:00,9.22
11985,23,2024-09-11T09:00:00,10.15
11986,23,2024-09-11T10:00:00,10.74
11987,23,2024-09-11T11:00:00,11.47
11988,23,2024-09-11T12:00:00,11.22
11989,23,2024-09-11T13:00:00,12.1
11990,23,2024-09-11T14:00:00,12.38
11991,23,2024-09-11T15:00:00,13.31
11992,23,2024-09-11T16:00:00,12.42
11993,23,2024-09-11T17:00:00,11.47
11994,23,2024-09-11T18:00:00,9.49
11995,23,2024-09-11T19:00:00,8.11
11996,23,2024-09-11T20:00:00,7.7
11997,23,2024-09-11T21:00:00,7.1
11998,23,2024-09-11T22:00:00,6.57
11999,23,2024-09-11T23:00:00,5.88
12000,23,2024-09-12T00:00:00,5.83
12001,23,2024-09-12T01:00:00,6.09
12002,23,2024-09-12T02:00:00,6.11
12003,23,2024-09-12T03:00:00,5.48
12004,23,2024-09-12T04:00:00,5.27
12005,23,2024-09-12T05:00:00,5.0
12006,23,2024-09-12T06:00:00,4.98
12007,23,2024-09-12T07:00:00,5.92
12008,23,2024-09-12T08:00:00,7.17
12009,23,2024-09-12T09:00:00,7.96
12010,23,2024-09-12T10:00:00,9.47
12011,23,2024-09-12T11:00:00,9.36
12012,23,2024-09-12T12:00:00,9.75
12013,23,2024-09-12T13:00:00,9.0
12014,23,2024-09-12T14:00:00,9.32
12015,23,2024-09-12T15:00:00,8.86
12016,23,2024-09-12T16:00:00,9.65
12017,23,2024-09-12T17:00:00,9.09
12018,23,2024-09-12T18:00:00,8.52
12019,23,2024-09-12T19:00:00,7.42
12020,23,2024-09-12T20:00:00,6.07
12021,23,2024-09-12T21:00:00,5.31
12022,23,2024-09-12T22:00:00,5.03
12023,23,2024-09-12T23:00:00,4.93
12024,23,2024-09-13T00:00:00,4.79
12025,23,2024-09-13T01:00:00,4.53
12026,23,2024-09-13T02:00:00,4.3
12027,23,2024-09-13T03:00:00,4.03
12028,23,2024-09-13T04:00:00,3.9
12029,23,2024-09-13T05:00:00,3.71
12030,23,2024-09-13T06:00:00,4.44
12031,23,2024-09-13T07:00:00,5.56
12032,23,2024-09-13T08:00:00,6.58
12033,23,2024-09-13T09:00:00,7.38
12034,23,2024-09-13T10:00:00,8.5
12035,23,2024-09-13T11:00:00,10.22
12036,23,2024-09-13T12:00:00,11.04
12037,23,2024-09-13T13:00:00,12.09
12038,23,2024-09-13T14:00:00,12.65
12039,23,2024-09-13T15:00:00,12.28
12040,23,2024-09-13T16:00:00,12.53
12041,23,2024-09-13T17:00:00,11.63
12042,23,2024-09-13T18:00:00,10.78
12043,23,2024-09-13T19:00:00,10.12
12044,23,2024-09-13T20:00:00,9.6
12045,23,2024-09-13T21:00:00,8.87
12046,23,2024-09-13T22:00:00,8.36
12047,23,2024-09-13T23:00:00,7.17
12048,23,2024-09-14T00:00:00,6.13
12049,23,2024-09-14T01:00:00,5.45
12050,23,2024-09-14T02:00:00,5.14
12051,23,2024-09-14T03:00:00,4.45
12052,23,2024-09-14T04:00:00,3.95
12053,23,2024-09-14T05:00:00,3.47
12054,23,2024-09-14T06:00:00,3.03
12055,23,2024-09-14T07:00:00,5.03
12056,23,2024-09-14T08:00:00,7.4
12057,23,2024-09-14T09:00:00,8.97
12058,23,2024-09-14T10:00:00,10.77
12059,23,2024-09-14T11:00:00,11.82
12060,23,2024-09-14T12:00:00,12.65
12061,23,2024-09-14T13:00:00,12.98
12062,23,2024-09-14T14:00:00,13.49
12063,23,2024-09-14T15:00:00,13.34
12064,23,2024-09-14T16:00:00,13.25
12065,23,2024-09-14T17:00:00,12.04
12066,23,2024-09-14T18:00:00,10.44
12067,23,2024-09-14T19:00:00,7.79
12068,23,2024-09-14T20:00:00,6.67
12069,23,2024-09-14T21:00:00,5.72
12070,23,2024-09-14T22:00:00,5.03
12071,23,2024-09-14T23:00:00,4.53
12072,23,2024-09-15T00:00:00,4.24
12073,23,2024-09-15T01:00:00,4.0
12074,23,2024-09-15T02:00:00,3.89
12075,23,2024-09-15T03:00:00,3.57
12076,23,2024-09-15T04:00:00,3.51
12077,23,2024-09-15T05:00:00,3.73
12078,23,2024-09-15T06:00:00,3.84
12079,23,2024-09-15T07:00:00,5.39
12080,23,2024-09-15T08:00:00,8.28
12081,23,2024-09-15T09:00:00,10.84
12082,23,2024-09-15T10:00:00,12.81
12083,23,2024-09-15T11:00:00,14.12
12084,23,2024-09-15T12:00:00,14.88
12085,23,2024-09-15T13:00:00,15.47
12086,23,2024-09-15T14:00:00,15.8
12087,23,2024-09-15T15:00:00,15.98
12088,23,2024-09-15T16:00:00,15.3
12089,23,2024-09-15T17:00:00,14.63
12090,23,2024-09-15T18:00:00,13.36
12091,23,2024-09-15T19:00:00,11.98
12092,23,2024-09-15T20:00:00,11.82
12093,23,2024-09-15T21:00:00,11.4
12094,23,2024-09-15T22:00:00,10.82
12095,23,2024-09-15T23:00:00,10.77
12096,23,2024-09-16T00:00:00,10.73
12097,23,2024-09-16T01:00:00,10.56
12098,23,2024-09-16T02:00:00,10.18
12099,23,2024-09-16T03:00:00,9.61
12100,23,2024-09-16T04:00:00,8.77
12101,23,2024-09-16T05:00:00,8.63
12102,23,2024-09-16T06:00:00,8.79
12103,23,2024-09-16T07:00:00,9.58
12104,23,2024-09-16T08:00:00,11.09
12105,23,2024-09-16T09:00:00,12.71
12106,23,2024-09-16T10:00:00,14.17
12107,23,2024-09-16T11:00:00,15.45
12108,23,2024-09-16T12:00:00,15.64
12109,23,2024-09-16T13:00:00,15.76
12110,23,2024-09-16T14:00:00,16.19
12111,23,2024-09-16T15:00:00,15.98
12112,23,2024-09-16T16:00:00,15.93
12113,23,2024-09-16T17:00:00,15.42
12114,23,2024-09-16T18:00:00,14.87
12115,23,2024-09-16T19:00:00,14.15
12116,23,2024-09-16T20:00:00,13.91
12117,23,2024-09-16T21:00:00,13.77
12118,23,2024-09-16T22:00:00,13.54
12119,23,2024-09-16T23:00:00,13.3
12120,23,2024-09-17T00:00:00,13.05
12121,23,2024-09-17T01:00:00,12.71
12122,23,2024-09-17T02:00:00,12.37
12123,23,2024-09-17T03:00:00,12.4
12124,23,2024-09-17T04:00:00,12.11
12125,23,2024-09-17T05:00:00,11.9
12126,23,2024-09-17T06:00:00,11.75
12127,23,2024-09-17T07:00:00,12.07
12128,23,2024-09-17T08:00:00,12.46
12129,23,2024-09-17T09:00:00,12.98
12130,23,2024-09-17T10:00:00,13.31
12131,23,2024-09-17T11:00:00,14.05
12132,23,2024-09-17T12:00:00,15.33
12133,23,2024-09-17T13:00:00,15.95
12134,23,2024-09-17T14:00:00,16.17
12135,23,2024-09-17T15:00:00,15.87
12136,23,2024-09-17T16:00:00,15.38
12137,23,2024-09-17T17:00:00,15.02
12138,23,2024-09-17T18:00:00,14.54
12139,23,2024-09-17T19:00:00,14.07
12140,23,2024-09-17T20:00:00,13.8
12141,23,2024-09-17T21:00:00,13.64
12142,23,2024-09-17T22:00:00,13.24
12143,23,2024-09-17T23:00:00,12.83
12144,23,2024-09-18T00:00:00,12.49
12145,23,2024-09-18T01:00:00,12.55
12146,23,2024-09-18T02:00:00,12.53
12147,23,2024-09-18T03:00:00,12.57
12148,23,2024-09-18T04:00:00,12.48
12149,23,2024-09-18T05:00:00,12.58
12150,23,2024-09-18T06:00:00,12.57
12151,23,2024-09-18T07:00:00,12.74
12152,23,2024-09-18T08:00:00,13.32
12153,23,2024-09-18T09:00:00,14.46
12154,23,2024-09-18T10:00:00,15.79
12155,23,2024-09-18T11:00:00,17.41
12156,23,2024-09-18T12:00:00,18.8
12157,23,2024-09-18T13:00:00,19.96
12158,23,2024-09-18T14:00:00,20.68
12159,23,2024-09-18T15:00:00,20.99
12160,23,2024-09-18T16:00:00,20.51
12161,23,2024-09-18T17:00:00,19.49
12162,23,2024-09-18T18:00:00,18.12
12163,23,2024-09-18T19:00:00,17.05
12164,23,2024-09-18T20:00:00,16.24
12165,23,2024-09-18T21:00:00,15.68
12166,23,2024-09-18T22:00:00,15.13
12167,23,2024-09-18T23:00:00,14.7
12168,23,2024-09-19T00:00:00,14.28
12169,23,2024-09-19T01:00:00,13.92
12170,23,2024-09-19T02:00:00,13.7
12171,23,2024-09-19T03:00:00,13.52
12172,23,2024-09-19T04:00:00,13.28
12173,23,2024-09-19T05:00:00,12.99
12174,23,2024-09-19T06:00:00,12.86
12175,23,2024-09-19T07:00:00,13.67
12176,23,2024-09-19T08:00:00,15.28
12177,23,2024-09-19T09:00:00,16.88
12178,23,2024-09-19T10:00:00,18.72
12179,23,2024-09-19T11:00:00,20.08
12180,23,2024-09-19T12:00:00,20.78
12181,23,2024-09-19T13:00:00,21.32
12182,23,2024-09-19T14:00:00,21.44
12183,23,2024-09-19T15:00:00,20.98
12184,23,2024-09-19T16:00:00,20.44
12185,23,2024-09-19T17:00:00,19.57
12186,23,2024-09-19T18:00:00,17.73
12187,23,2024-09-19T19:00:00,16.55
12188,23,2024-09-19T20:00:00,15.74
12189,23,2024-09-19T21:00:00,14.79
12190,23,2024-09-19T22:00:00,13.74
12191,23,2024-09-19T23:00:00,13.52
12192,23,2024-09-20T00:00:00,12.9
12193,23,2024-09-20T01:00:00,12.54
12194,23,2024-09-20T02:00:00,12.42
12195,23,2024-09-20T03:00:00,12.23
12196,23,2024-09-20T04:00:00,11.95
12197,23,2024-09-20T05:00:00,11.55
12198,23,2024-09-20T06:00:00,11.55
12199,23,2024-09-20T07:00:00,12.24
12200,23,2024-09-20T08:00:00,13.82
12201,23,2024-09-20T09:00:00,15.86
12202,23,2024-09-20T10:00:00,17.56
12203,23,2024-09-20T11:00:00,18.85
12204,23,2024-09-20T12:00:00,19.84
12205,23,2024-09-20T13:00:00,20.51
12206,23,2024-09-20T14:00:00,20.97
12207,23,2024-09-20T15:00:00,20.86
12208,23,2024-09-20T16:00:00,20.6
12209,23,2024-09-20T17:00:00,19.64
12210,23,2024-09-20T18:00:00,17.71
12211,23,2024-09-20T19:00:00,16.34
12212,23,2024-09-20T20:00:00,14.94
12213,23,2024-09-20T21:00:00,13.68
12214,23,2024-09-20T22:00:00,13.02
12215,23,2024-09-20T23:00:00,12.72
12216,23,2024-09-21T00:00:00,12.35
12217,23,2024-09-21T01:00:00,12.19
12218,23,2024-09-21T02:00:00,11.61
12219,23,2024-09-21T03:00:00,11.13
12220,23,2024-09-21T04:00:00,10.25
12221,23,2024-09-21T05:00:00,9.59
12222,23,2024-09-21T06:00:00,9.63
12223,23,2024-09-21T07:00:00,11.84
12224,23,2024-09-21T08:00:00,15.85
12225,23,2024-09-21T09:00:00,17.97
12226,23,2024-09-21T10:00:00,20.1
12227,23,2024-09-21T11:00:00,21.26
12228,23,2024-09-21T12:00:00,21.87
12229,23,2024-09-21T13:00:00,22.46
12230,23,2024-09-21T14:00:00,22.83
12231,23,2024-09-21T15:00:00,22.9
12232,23,2024-09-21T16:00:00,22.21
12233,23,2024-09-21T17:00:00,20.75
12234,23,2024-09-21T18:00:00,17.68
12235,23,2024-09-21T19:00:00,15.15
12236,23,2024-09-21T20:00:00,14.5
12237,23,2024-09-21T21:00:00,13.65
12238,23,2024-09-21T22:00:00,12.89
12239,23,2024-09-21T23:00:00,12.81
12240,23,2024-09-22T00:00:00,12.37
12241,23,2024-09-22T01:00:00,12.07
12242,23,2024-09-22T02:00:00,12.34
12243,23,2024-09-22T03:00:00,12.36
12244,23,2024-09-22T04:00:00,11.75
12245,23,2024-09-22T05:00:00,11.28
12246,23,2024-09-22T06:00:00,11.2
12247,23,2024-09-22T07:00:00,12.76
12248,23,2024-09-22T08:00:00,16.12
12249,23,2024-09-22T09:00:00,18.08
12250,23,2024-09-22T10:00:00,19.49
12251,23,2024-09-22T11:00:00,20.39
12252,23,2024-09-22T12:00:00,20.18
12253,23,2024-09-22T13:00:00,20.8
12254,23,2024-09-22T14:00:00,21.14
12255,23,2024-09-22T15:00:00,21.07
12256,23,2024-09-22T16:00:00,20.53
12257,23,2024-09-22T17:00:00,19.24
12258,23,2024-09-22T18:00:00,17.43
12259,23,2024-09-22T19:00:00,15.73
12260,23,2024-09-22T20:00:00,15.47
12261,23,2024-09-22T21:00:00,15.1
12262,23,2024-09-22T22:00:00,14.59
12263,23,2024-09-22T23:00:00,14.45
12264,23,2024-09-23T00:00:00,14.58
12265,23,2024-09-23T01:00:00,14.86
12266,23,2024-09-23T02:00:00,14.26
12267,23,2024-09-23T03:00:00,14.42
12268,23,2024-09-23T04:00:00,14.5
12269,23,2024-09-23T05:00:00,14.48
12270,23,2024-09-23T06:00:00,14.39
12271,23,2024-09-23T07:00:00,14.38
12272,23,2024-09-23T08:00:00,14.72
12273,23,2024-09-23T09:00:00,15.49
12274,23,2024-09-23T10:00:00,15.62
12275,23,2024-09-23T11:00:00,16.08
12276,23,2024-09-23T12:00:00,17.04
12277,23,2024-09-23T13:00:00,17.31
12278,23,2024-09-23T14:00:00,17.43
12279,23,2024-09-23T15:00:00,17.34
12280,23,2024-09-23T16:00:00,16.83
12281,23,2024-09-23T17:00:00,15.84
12282,23,2024-09-23T18:00:00,13.59
12283,23,2024-09-23T19:00:00,11.99
12284,23,2024-09-23T20:00:00,10.94
12285,23,2024-09-23T21:00:00,10.53
12286,23,2024-09-23T22:00:00,10.17
12287,23,2024-09-23T23:00:00,10.4
12288,23,2024-09-24T00:00:00,10.48
12289,23,2024-09-24T01:00:00,10.4
12290,23,2024-09-24T02:00:00,10.64
12291,23,2024-09-24T03:00:00,10.89
12292,23,2024-09-24T04:00:00,10.91
12293,23,2024-09-24T05:00:00,10.92
12294,23,2024-09-24T06:00:00,11.15
12295,23,2024-09-24T07:00:00,11.38
12296,23,2024-09-24T08:00:00,11.95
12297,23,2024-09-24T09:00:00,12.93
12298,23,2024-09-24T10:00:00,14.14
12299,23,2024-09-24T11:00:00,15.0
12300,23,2024-09-24T12:00:00,15.11
12301,23,2024-09-24T13:00:00,14.3
12302,23,2024-09-24T14:00:00,13.48
12303,23,2024-09-24T15:00:00,13.31
12304,23,2024-09-24T16:00:00,13.16
12305,23,2024-09-24T17:00:00,13.38
12306,23,2024-09-24T18:00:00,13.47
12307,23,2024-09-24T19:00:00,13.25
12308,23,2024-09-24T20:00:00,13.06
12309,23,2024-09-24T21:00:00,12.89
12310,23,2024-09-24T22:00:00,12.57
12311,23,2024-09-24T23:00:00,12.49
12312,23,2024-09-25T00:00:00,12.29
12313,23,2024-09-25T01:00:00,12.24
12314,23,2024-09-25T02:00:00,12.03
12315,23,2024-09-25T03:00:00,11.64
12316,23,2024-09-25T04:00:00,11.53
12317,23,2024-09-25T05:00:00,11.43
12318,23,2024-09-25T06:00:00,11.44
12319,23,2024-09-25T07:00:00,11.7
12320,23,2024-09-25T08:00:00,11.88
12321,23,2024-09-25T09:00:00,12.12
12322,23,2024-09-25T10:00:00,12.58
12323,23,2024-09-25T11:00:00,13.11
12324,23,2024-09-25T12:00:00,13.64
12325,23,2024-09-25T13:00:00,13.81
12326,23,2024-09-25T14:00:00,13.66
12327,23,2024-09-25T15:00:00,13.35
12328,23,2024-09-25T16:00:00,13.29
12329,23,2024-09-25T17:00:00,13.06
12330,23,2024-09-25T18:00:00,12.77
12331,23,2024-09-25T19:00:00,12.66
12332,23,2024-09-25T20:00:00,12.56
12333,23,2024-09-25T21:00:00,12.41
12334,23,2024-09-25T22:00:00,12.55
12335,23,2024-09-25T23:00:00,12.69
12336,23,2024-09-26T00:00:00,12.88
12337,23,2024-09-26T01:00:00,12.96
12338,23,2024-09-26T02:00:00,13.05
12339,23,2024-09-26T03:00:00,13.14
12340,23,2024-09-26T04:00:00,13.26
12341,23,2024-09-26T05:00:00,13.54
12342,23,2024-09-26T06:00:00,13.69
12343,23,2024-09-26T07:00:00,13.6
12344,23,2024-09-26T08:00:00,13.76
12345,23,2024-09-26T09:00:00,14.22
12346,23,2024-09-26T10:00:00,14.35
12347,23,2024-09-26T11:00:00,14.46
12348,23,2024-09-26T12:00:00,15.04
12349,23,2024-09-26T13:00:00,15.59
12350,23,2024-09-26T14:00:00,15.88
12351,23,2024-09-26T15:00:00,15.21
12352,23,2024-09-26T16:00:00,14.27
12353,23,2024-09-26T17:00:00,13.63
12354,23,2024-09-26T18:00:00,13.25
12355,23,2024-09-26T19:00:00,12.19
12356,23,2024-09-26T20:00:00,12.22
12357,23,2024-09-26T21:00:00,12.45
12358,23,2024-09-26T22:00:00,12.62
12359,23,2024-09-26T23:00:00,12.41
12360,23,2024-09-27T00:00:00,12.0
12361,23,2024-09-27T01:00:00,11.32
12362,23,2024-09-27T02:00:00,10.68
12363,23,2024-09-27T03:00:00,10.43
12364,23,2024-09-27T04:00:00,10.05
12365,23,2024-09-27T05:00:00,9.76
12366,23,2024-09-27T06:00:00,9.65
12367,23,2024-09-27T07:00:00,10.1
12368,23,2024-09-27T08:00:00,10.76
12369,23,2024-09-27T09:00:00,11.07
12370,23,2024-09-27T10:00:00,11.77
12371,23,2024-09-27T11:00:00,12.83
12372,23,2024-09-27T12:00:00,13.38
12373,23,2024-09-27T13:00:00,13.37
12374,23,2024-09-27T14:00:00,12.94
12375,23,2024-09-27T15:00:00,12.01
12376,23,2024-09-27T16:00:00,11.0
12377,23,2024-09-27T17:00:00,10.36
12378,23,2024-09-27T18:00:00,10.07
12379,23,2024-09-27T19:00:00,9.72
12380,23,2024-09-27T20:00:00,9.57
12381,23,2024-09-27T21:00:00,9.27
12382,23,2024-09-27T22:00:00,9.14
12383,23,2024-09-27T23:00:00,9.01
12384,23,2024-09-28T00:00:00,8.67
12385,23,2024-09-28T01:00:00,8.38
12386,23,2024-09-28T02:00:00,8.09
12387,23,2024-09-28T03:00:00,7.53
12388,23,2024-09-28T04:00:00,6.95
12389,23,2024-09-28T05:00:00,6.93
12390,23,2024-09-28T06:00:00,6.68
12391,23,2024-09-28T07:00:00,6.87
12392,23,2024-09-28T08:00:00,7.25
12393,23,2024-09-28T09:00:00,7.95
12394,23,2024-09-28T10:00:00,8.93
12395,23,2024-09-28T11:00:00,10.07
12396,23,2024-09-28T12:00:00,10.52
12397,23,2024-09-28T13:00:00,11.03
12398,23,2024-09-28T14:00:00,9.83
12399,23,2024-09-28T15:00:00,10.55
12400,23,2024-09-28T16:00:00,9.33
12401,23,2024-09-28T17:00:00,9.34
12402,23,2024-09-28T18:00:00,8.2
12403,23,2024-09-28T19:00:00,7.07
12404,23,2024-09-28T20:00:00,6.36
12405,23,2024-09-28T21:00:00,5.84
12406,23,2024-09-28T22:00:00,4.92
12407,23,2024-09-28T23:00:00,3.81
12408,23,2024-09-29T00:00:00,3.39
12409,23,2024-09-29T01:00:00,2.97
12410,23,2024-09-29T02:00:00,2.64
12411,23,2024-09-29T03:00:00,2.33
12412,23,2024-09-29T04:00:00,2.07
12413,23,2024-09-29T05:00:00,1.91
12414,23,2024-09-29T06:00:00,1.61
12415,23,2024-09-29T07:00:00,3.27
12416,23,2024-09-29T08:00:00,6.31
12417,23,2024-09-29T09:00:00,8.55
12418,23,2024-09-29T10:00:00,10.2
12419,23,2024-09-29T11:00:00,10.91
12420,23,2024-09-29T12:00:00,11.09
12421,23,2024-09-29T13:00:00,10.98
12422,23,2024-09-29T14:00:00,11.33
12423,23,2024-09-29T15:00:00,11.54
12424,23,2024-09-29T16:00:00,11.47
12425,23,2024-09-29T17:00:00,10.43
12426,23,2024-09-29T18:00:00,8.62
12427,23,2024-09-29T19:00:00,7.82
12428,23,2024-09-29T20:00:00,7.58
12429,23,2024-09-29T21:00:00,7.65
12430,23,2024-09-29T22:00:00,7.86
12431,23,2024-09-29T23:00:00,8.01
12432,23,2024-09-30T00:00:00,8.15
12433,23,2024-09-30T01:00:00,7.89
12434,23,2024-09-30T02:00:00,7.69
12435,23,2024-09-30T03:00:00,7.98
12436,23,2024-09-30T04:00:00,7.84
12437,23,2024-09-30T05:00:00,7.67
12438,23,2024-09-30T06:00:00,7.99
12439,23,2024-09-30T07:00:00,8.46
12440,23,2024-09-30T08:00:00,9.3
12441,23,2024-09-30T09:00:00,10.27
12442,23,2024-09-30T10:00:00,10.63
12443,23,2024-09-30T11:00:00,11.12
12444,23,2024-09-30T12:00:00,11.86
12445,23,2024-09-30T13:00:00,12.68
12446,23,2024-09-30T14:00:00,13.42
12447,23,2024-09-30T15:00:00,13.89
12448,23,2024-09-30T16:00:00,14.11
12449,23,2024-09-30T17:00:00,13.53
12450,23,2024-09-30T18:00:00,13.0
12451,23,2024-09-30T19:00:00,13.05
12452,23,2024-09-30T20:00:00,12.89
12453,23,2024-09-30T21:00:00,12.79
12454,23,2024-09-30T22:00:00,12.38
12455,23,2024-09-30T23:00:00,12.07
12456,23,2024-10-01T00:00:00,11.61
12457,23,2024-10-01T01:00:00,11.16
12458,23,2024-10-01T02:00:00,11.05
12459,23,2024-10-01T03:00:00,10.89
12460,23,2024-10-01T04:00:00,10.62
12461,23,2024-10-01T05:00:00,10.43
12462,23,2024-10-01T06:00:00,10.23
12463,23,2024-10-01T07:00:00,10.27
12464,23,2024-10-01T08:00:00,10.51
12465,23,2024-10-01T09:00:00,10.75
12466,23,2024-10-01T10:00:00,11.13
12467,23,2024-10-01T11:00:00,11.64
12468,23,2024-10-01T12:00:00,12.24
12469,23,2024-10-01T13:00:00,12.24
12470,23,2024-10-01T14:00:00,12.89
12471,23,2024-10-01T15:00:00,12.76
12472,23,2024-10-01T16:00:00,12.38
12473,23,2024-10-01T17:00:00,11.86
12474,23,2024-10-01T18:00:00,10.77
12475,23,2024-10-01T19:00:00,10.05
12476,23,2024-10-01T20:00:00,9.29
12477,23,2024-10-01T21:00:00,8.73
12478,23,2024-10-01T22:00:00,7.96
12479,23,2024-10-01T23:00:00,7.48
12480,23,2024-10-02T00:00:00,7.28
12481,23,2024-10-02T01:00:00,6.49
12482,23,2024-10-02T02:00:00,6.01
12483,23,2024-10-02T03:00:00,5.59
12484,23,2024-10-02T04:00:00,5.68
12485,23,2024-10-02T05:00:00,5.38
12486,23,2024-10-02T06:00:00,5.48
12487,23,2024-10-02T07:00:00,5.89
12488,23,2024-10-02T08:00:00,8.92
12489,23,2024-10-02T09:00:00,11.03
12490,23,2024-10-02T10:00:00,12.3
12491,23,2024-10-02T11:00:00,13.02
12492,23,2024-10-02T12:00:00,13.51
12493,23,2024-10-02T13:00:00,13.35
12494,23,2024-10-02T14:00:00,12.52
12495,23,2024-10-02T15:00:00,12.16
12496,23,2024-10-02T16:00:00,11.34
12497,23,2024-10-02T17:00:00,10.39
12498,23,2024-10-02T18:00:00,9.73
12499,23,2024-10-02T19:00:00,9.37
12500,23,2024-10-02T20:00:00,9.3
12501,23,2024-10-02T21:00:00,9.24
12502,23,2024-10-02T22:00:00,9.14
12503,23,2024-10-02T23:00:00,9.03
12504,23,2024-10-03T00:00:00,8.5
12505,23,2024-10-03T01:00:00,8.07
12506,23,2024-10-03T02:00:00,7.42
12507,23,2024-10-03T03:00:00,6.92
12508,23,2024-10-03T04:00:00,6.59
12509,23,2024-10-03T05:00:00,6.4
12510,23,2024-10-03T06:00:00,5.91
12511,23,2024-10-03T07:00:00,5.81
12512,23,2024-10-03T08:00:00,6.59
12513,23,2024-10-03T09:00:00,7.48
12514,23,2024-10-03T10:00:00,8.68
12515,23,2024-10-03T11:00:00,9.11
12516,23,2024-10-03T12:00:00,9.64
12517,23,2024-10-03T13:00:00,9.87
12518,23,2024-10-03T14:00:00,9.97
12519,23,2024-10-03T15:00:00,9.93
12520,23,2024-10-03T16:00:00,9.58
12521,23,2024-10-03T17:00:00,9.17
12522,23,2024-10-03T18:00:00,8.72
12523,23,2024-10-03T19:00:00,8.13
12524,23,2024-10-03T20:00:00,7.6
12525,23,2024-10-03T21:00:00,7.42
12526,23,2024-10-03T22:00:00,7.37
12527,23,2024-10-03T23:00:00,7.27
12528,23,2024-10-04T00:00:00,6.81
12529,23,2024-10-04T01:00:00,6.67
12530,23,2024-10-04T02:00:00,6.52
12531,23,2024-10-04T03:00:00,6.15
12532,23,2024-10-04T04:00:00,5.75
12533,23,2024-10-04T05:00:00,4.99
12534,23,2024-10-04T06:00:00,4.43
12535,23,2024-10-04T07:00:00,4.68
12536,23,2024-10-04T08:00:00,6.74
12537,23,2024-10-04T09:00:00,8.6
12538,23,2024-10-04T10:00:00,9.68
12539,23,2024-10-04T11:00:00,10.9
12540,23,2024-10-04T12:00:00,11.91
12541,23,2024-10-04T13:00:00,12.13
12542,23,2024-10-04T14:00:00,11.97
12543,23,2024-10-04T15:00:00,12.23
12544,23,2024-10-04T16:00:00,11.74
12545,23,2024-10-04T17:00:00,10.78
12546,23,2024-10-04T18:00:00,8.21
12547,23,2024-10-04T19:00:00,7.12
12548,23,2024-10-04T20:00:00,6.57
12549,23,2024-10-04T21:00:00,5.81
12550,23,2024-10-04T22:00:00,5.14
12551,23,2024-10-04T23:00:00,4.84
12552,23,2024-10-05T00:00:00,4.48
12553,23,2024-10-05T01:00:00,4.06
12554,23,2024-10-05T02:00:00,3.39
12555,23,2024-10-05T03:00:00,3.01
12556,23,2024-10-05T04:00:00,2.58
12557,23,2024-10-05T05:00:00,2.14
12558,23,2024-10-05T06:00:00,1.53
12559,23,2024-10-05T07:00:00,2.46
12560,23,2024-10-05T08:00:00,6.32
12561,23,2024-10-05T09:00:00,8.75
12562,23,2024-10-05T10:00:00,10.52
12563,23,2024-10-05T11:00:00,12.07
12564,23,2024-10-05T12:00:00,13.08
12565,23,2024-10-05T13:00:00,13.56
12566,23,2024-10-05T14:00:00,13.43
12567,23,2024-10-05T15:00:00,13.19
12568,23,2024-10-05T16:00:00,12.38
12569,23,2024-10-05T17:00:00,11.36
12570,23,2024-10-05T18:00:00,8.56
12571,23,2024-10-05T19:00:00,7.35
12572,23,2024-10-05T20:00:00,7.26
12573,23,2024-10-05T21:00:00,7.06
12574,23,2024-10-05T22:00:00,6.32
12575,23,2024-10-05T23:00:00,5.72
12576,23,2024-10-06T00:00:00,5.25
12577,23,2024-10-06T01:00:00,4.93
12578,23,2024-10-06T02:00:00,4.93
12579,23,2024-10-06T03:00:00,4.87
12580,23,2024-10-06T04:00:00,4.88
12581,23,2024-10-06T05:00:00,4.54
12582,23,2024-10-06T06:00:00,4.51
12583,23,2024-10-06T07:00:00,5.51
12584,23,2024-10-06T08:00:00,6.79
12585,23,2024-10-06T09:00:00,8.87
12586,23,2024-10-06T10:00:00,10.59
12587,23,2024-10-06T11:00:00,11.66
12588,23,2024-10-06T12:00:00,12.59
12589,23,2024-10-06T13:00:00,13.07
12590,23,2024-10-06T14:00:00,12.9
12591,23,2024-10-06T15:00:00,12.82
12592,23,2024-10-06T16:00:00,12.52
12593,23,2024-10-06T17:00:00,11.92
12594,23,2024-10-06T18:00:00,11.43
12595,23,2024-10-06T19:00:00,11.25
12596,23,2024-10-06T20:00:00,11.31
12597,23,2024-10-06T21:00:00,11.5
12598,23,2024-10-06T22:00:00,11.84
12599,23,2024-10-06T23:00:00,12.3
12600,23,2024-10-07T00:00:00,12.84
12601,23,2024-10-07T01:00:00,13.17
12602,23,2024-10-07T02:00:00,13.32
12603,23,2024-10-07T03:00:00,13.62
12604,23,2024-10-07T04:00:00,13.58
12605,23,2024-10-07T05:00:00,13.46
12606,23,2024-10-07T06:00:00,13.11
12607,23,2024-10-07T07:00:00,12.9
12608,23,2024-10-07T08:00:00,13.24
12609,23,2024-10-07T09:00:00,13.88
12610,23,2024-10-07T10:00:00,15.13
12611,23,2024-10-07T11:00:00,16.15
12612,23,2024-10-07T12:00:00,16.84
12613,23,2024-10-07T13:00:00,16.92
12614,23,2024-10-07T14:00:00,16.45
12615,23,2024-10-07T15:00:00,16.1
12616,23,2024-10-07T16:00:00,15.51
12617,23,2024-10-07T17:00:00,14.71
12618,23,2024-10-07T18:00:00,14.17
12619,23,2024-10-07T19:00:00,14.03
12620,23,2024-10-07T20:00:00,14.09
12621,23,2024-10-07T21:00:00,14.4
12622,23,2024-10-07T22:00:00,14.57
12623,23,2024-10-07T23:00:00,14.71
12624,23,2024-10-08T00:00:00,14.97
12625,23,2024-10-08T01:00:00,15.13
12626,23,2024-10-08T02:00:00,15.04
12627,23,2024-10-08T03:00:00,14.6
12628,23,2024-10-08T04:00:00,14.3
12629,23,2024-10-08T05:00:00,14.04
12630,23,2024-10-08T06:00:00,13.4
12631,23,2024-10-08T07:00:00,13.23
12632,23,2024-10-08T08:00:00,13.6
12633,23,2024-10-08T09:00:00,14.18
12634,23,2024-10-08T10:00:00,14.72
12635,23,2024-10-08T11:00:00,14.84
12636,23,2024-10-08T12:00:00,14.97
12637,23,2024-10-08T13:00:00,14.92
12638,23,2024-10-08T14:00:00,14.8
12639,23,2024-10-08T15:00:00,14.69
12640,23,2024-10-08T16:00:00,14.5
12641,23,2024-10-08T17:00:00,13.99
12642,23,2024-10-08T18:00:00,13.44
12643,23,2024-10-08T19:00:00,12.95
12644,23,2024-10-08T20:00:00,12.84
12645,23,2024-10-08T21:00:00,12.94
12646,23,2024-10-08T22:00:00,12.99
12647,23,2024-10-08T23:00:00,12.68
12648,23,2024-10-09T00:00:00,12.21
12649,23,2024-10-09T01:00:00,12.19
12650,23,2024-10-09T02:00:00,12.26
12651,23,2024-10-09T03:00:00,12.03
12652,23,2024-10-09T04:00:00,11.82
12653,23,2024-10-09T05:00:00,11.75
12654,23,2024-10-09T06:00:00,11.6
12655,23,2024-10-09T07:00:00,11.78
12656,23,2024-10-09T08:00:00,12.04
12657,23,2024-10-09T09:00:00,12.29
12658,23,2024-10-09T10:00:00,12.31
12659,23,2024-10-09T11:00:00,12.2
12660,23,2024-10-09T12:00:00,12.39
12661,23,2024-10-09T13:00:00,12.64
12662,23,2024-10-09T14:00:00,12.9
12663,23,2024-10-09T15:00:00,13.12
12664,23,2024-10-09T16:00:00,13.46
12665,23,2024-10-09T17:00:00,13.57
12666,23,2024-10-09T18:00:00,13.52
12667,23,2024-10-09T19:00:00,13.46
12668,23,2024-10-09T20:00:00,13.25
12669,23,2024-10-09T21:00:00,12.85
12670,23,2024-10-09T22:00:00,12.08
12671,23,2024-10-09T23:00:00,11.21
12672,23,2024-10-10T00:00:00,10.87
12673,23,2024-10-10T01:00:00,10.64
12674,23,2024-10-10T02:00:00,10.57
12675,23,2024-10-10T03:00:00,10.69
12676,23,2024-10-10T04:00:00,10.9
12677,23,2024-10-10T05:00:00,10.95
12678,23,2024-10-10T06:00:00,10.64
12679,23,2024-10-10T07:00:00,10.55
12680,23,2024-10-10T08:00:00,10.71
12681,23,2024-10-10T09:00:00,10.92
12682,23,2024-10-10T10:00:00,11.08
12683,23,2024-10-10T11:00:00,11.1
12684,23,2024-10-10T12:00:00,11.28
12685,23,2024-10-10T13:00:00,11.42
12686,23,2024-10-10T14:00:00,11.4
12687,23,2024-10-10T15:00:00,10.88
12688,23,2024-10-10T16:00:00,10.25
12689,23,2024-10-10T17:00:00,9.58
12690,23,2024-10-10T18:00:00,9.13
12691,23,2024-10-10T19:00:00,8.66
12692,23,2024-10-10T20:00:00,8.22
12693,23,2024-10-10T21:00:00,7.65
12694,23,2024-10-10T22:00:00,7.28
12695,23,2024-10-10T23:00:00,7.35
12696,23,2024-10-11T00:00:00,7.1
12697,23,2024-10-11T01:00:00,6.75
12698,23,2024-10-11T02:00:00,6.62
12699,23,2024-10-11T03:00:00,6.49
12700,23,2024-10-11T04:00:00,6.26
12701,23,2024-10-11T05:00:00,6.08
12702,23,2024-10-11T06:00:00,6.03
12703,23,2024-10-11T07:00:00,5.8
12704,23,2024-10-11T08:00:00,6.43
12705,23,2024-10-11T09:00:00,7.68
12706,23,2024-10-11T10:00:00,8.81
12707,23,2024-10-11T11:00:00,9.31
12708,23,2024-10-11T12:00:00,9.77
12709,23,2024-10-11T13:00:00,10.16
12710,23,2024-10-11T14:00:00,10.29
12711,23,2024-10-11T15:00:00,10.63
12712,23,2024-10-11T16:00:00,10.16
12713,23,2024-10-11T17:00:00,8.28
12714,23,2024-10-11T18:00:00,6.17
12715,23,2024-10-11T19:00:00,5.62
12716,23,2024-10-11T20:00:00,4.8
12717,23,2024-10-11T21:00:00,3.88
12718,23,2024-10-11T22:00:00,3.55
12719,23,2024-10-11T23:00:00,3.3
12720,23,2024-10-12T00:00:00,2.94
12721,23,2024-10-12T01:00:00,3.16
12722,23,2024-10-12T02:00:00,3.27
12723,23,2024-10-12T03:00:00,3.35
12724,23,2024-10-12T04:00:00,3.51
12725,23,2024-10-12T05:00:00,3.45
12726,23,2024-10-12T06:00:00,4.06
12727,23,2024-10-12T07:00:00,5.02
12728,23,2024-10-12T08:00:00,5.97
12729,23,2024-10-12T09:00:00,6.85
12730,23,2024-10-12T10:00:00,8.11
12731,23,2024-10-12T11:00:00,9.45
12732,23,2024-10-12T12:00:00,10.34
12733,23,2024-10-12T13:00:00,10.73
12734,23,2024-10-12T14:00:00,11.04
12735,23,2024-10-12T15:00:00,10.43
12736,23,2024-10-12T16:00:00,9.64
12737,23,2024-10-12T17:00:00,9.03
12738,23,2024-10-12T18:00:00,8.89
12739,23,2024-10-12T19:00:00,8.99
12740,23,2024-10-12T20:00:00,9.2
12741,23,2024-10-12T21:00:00,9.56
12742,23,2024-10-12T22:00:00,9.75
12743,23,2024-10-12T23:00:00,9.87
12744,23,2024-10-13T00:00:00,9.68
12745,23,2024-10-13T01:00:00,9.56
12746,23,2024-10-13T02:00:00,8.85
12747,23,2024-10-13T03:00:00,8.04
12748,23,2024-10-13T04:00:00,7.25
12749,23,2024-10-13T05:00:00,6.38
12750,23,2024-10-13T06:00:00,5.72
12751,23,2024-10-13T07:00:00,5.42
12752,23,2024-10-13T08:00:00,5.78
12753,23,2024-10-13T09:00:00,6.5
12754,23,2024-10-13T10:00:00,7.38
12755,23,2024-10-13T11:00:00,8.39
12756,23,2024-10-13T12:00:00,9.18
12757,23,2024-10-13T13:00:00,8.66
12758,23,2024-10-13T14:00:00,8.91
12759,23,2024-10-13T15:00:00,9.0
12760,23,2024-10-13T16:00:00,8.79
12761,23,2024-10-13T17:00:00,7.14
12762,23,2024-10-13T18:00:00,4.83
12763,23,2024-10-13T19:00:00,4.14
12764,23,2024-10-13T20:00:00,4.24
12765,23,2024-10-13T21:00:00,4.54
12766,23,2024-10-13T22:00:00,4.5
12767,23,2024-10-13T23:00:00,4.42
12768,23,2024-10-14T00:00:00,4.47
12769,23,2024-10-14T01:00:00,3.97
12770,23,2024-10-14T02:00:00,3.97
12771,23,2024-10-14T03:00:00,4.4
12772,23,2024-10-14T04:00:00,4.48
12773,23,2024-10-14T05:00:00,4.39
12774,23,2024-10-14T06:00:00,4.46
12775,23,2024-10-14T07:00:00,4.82
12776,23,2024-10-14T08:00:00,6.24
12777,23,2024-10-14T09:00:00,8.06
12778,23,2024-10-14T10:00:00,9.51
12779,23,2024-10-14T11:00:00,10.2
12780,23,2024-10-14T12:00:00,10.65
12781,23,2024-10-14T13:00:00,10.14
12782,23,2024-10-14T14:00:00,9.79
12783,23,2024-10-14T15:00:00,9.08
12784,23,2024-10-14T16:00:00,8.92
12785,23,2024-10-14T17:00:00,8.68
12786,23,2024-10-14T18:00:00,8.53
12787,23,2024-10-14T19:00:00,8.7
12788,23,2024-10-14T20:00:00,8.96
12789,23,2024-10-14T21:00:00,8.99
12790,23,2024-10-14T22:00:00,8.97
12791,23,2024-10-14T23:00:00,8.6
12792,23,2024-10-15T00:00:00,8.49
12793,23,2024-10-15T01:00:00,8.09
12794,23,2024-10-15T02:00:00,8.56
12795,23,2024-10-15T03:00:00,9.25
12796,23,2024-10-15T04:00:00,9.38
12797,23,2024-10-15T05:00:00,9.43
12798,23,2024-10-15T06:00:00,9.34
12799,23,2024-10-15T07:00:00,9.56
12800,23,2024-10-15T08:00:00,10.18
12801,23,2024-10-15T09:00:00,10.85
12802,23,2024-10-15T10:00:00,11.72
12803,23,2024-10-15T11:00:00,12.61
12804,23,2024-10-15T12:00:00,13.11
12805,23,2024-10-15T13:00:00,13.06
12806,23,2024-10-15T14:00:00,12.82
12807,23,2024-10-15T15:00:00,12.55
12808,23,2024-10-15T16:00:00,12.34
12809,23,2024-10-15T17:00:00,11.56
12810,23,2024-10-15T18:00:00,10.82
12811,23,2024-10-15T19:00:00,10.44
12812,23,2024-10-15T20:00:00,10.32
12813,23,2024-10-15T21:00:00,10.54
12814,23,2024-10-15T22:00:00,10.86
12815,23,2024-10-15T23:00:00,11.12
12816,23,2024-10-16T00:00:00,11.29
12817,23,2024-10-16T01:00:00,11.55
12818,23,2024-10-16T02:00:00,11.77
12819,23,2024-10-16T03:00:00,12.15
12820,23,2024-10-16T04:00:00,12.54
12821,23,2024-10-16T05:00:00,12.72
12822,23,2024-10-16T06:00:00,12.65
12823,23,2024-10-16T07:00:00,12.8
12824,23,2024-10-16T08:00:00,14.57
12825,23,2024-10-16T09:00:00,16.17
12826,23,2024-10-16T10:00:00,17.59
12827,23,2024-10-16T11:00:00,18.37
12828,23,2024-10-16T12:00:00,19.0
12829,23,2024-10-16T13:00:00,18.94
12830,23,2024-10-16T14:00:00,18.73
12831,23,2024-10-16T15:00:00,18.44
12832,23,2024-10-16T16:00:00,18.81
12833,23,2024-10-16T17:00:00,18.2
12834,23,2024-10-16T18:00:00,17.35
12835,23,2024-10-16T19:00:00,16.52
12836,23,2024-10-16T20:00:00,16.24
12837,23,2024-10-16T21:00:00,15.47
12838,23,2024-10-16T22:00:00,15.28
12839,23,2024-10-16T23:00:00,15.29
12840,23,2024-10-17T00:00:00,15.12
12841,23,2024-10-17T01:00:00,15.45
12842,23,2024-10-17T02:00:00,15.42
12843,23,2024-10-17T03:00:00,15.47
12844,23,2024-10-17T04:00:00,15.15
12845,23,2024-10-17T05:00:00,15.36
12846,23,2024-10-17T06:00:00,15.54
12847,23,2024-10-17T07:00:00,15.48
12848,23,2024-10-17T08:00:00,15.34
12849,23,2024-10-17T09:00:00,15.73
12850,23,2024-10-17T10:00:00,16.13
12851,23,2024-10-17T11:00:00,16.58
12852,23,2024-10-17T12:00:00,16.96
12853,23,2024-10-17T13:00:00,17.36
12854,23,2024-10-17T14:00:00,17.83
12855,23,2024-10-17T15:00:00,17.77
12856,23,2024-10-17T16:00:00,16.93
12857,23,2024-10-17T17:00:00,16.27
12858,23,2024-10-17T18:00:00,15.57
12859,23,2024-10-17T19:00:00,15.33
12860,23,2024-10-17T20:00:00,14.98
12861,23,2024-10-17T21:00:00,14.62
12862,23,2024-10-17T22:00:00,14.31
12863,23,2024-10-17T23:00:00,13.69
12864,23,2024-10-18T00:00:00,13.53
12865,23,2024-10-18T01:00:00,13.52
12866,23,2024-10-18T02:00:00,13.06
12867,23,2024-10-18T03:00:00,12.73
12868,23,2024-10-18T04:00:00,13.14
12869,23,2024-10-18T05:00:00,13.57
12870,23,2024-10-18T06:00:00,13.69
12871,23,2024-10-18T07:00:00,13.69
12872,23,2024-10-18T08:00:00,14.18
12873,23,2024-10-18T09:00:00,15.42
12874,23,2024-10-18T10:00:00,16.15
12875,23,2024-10-18T11:00:00,16.37
12876,23,2024-10-18T12:00:00,17.15
12877,23,2024-10-18T13:00:00,16.83
12878,23,2024-10-18T14:00:00,17.08
12879,23,2024-10-18T15:00:00,16.48
12880,23,2024-10-18T16:00:00,15.05
12881,23,2024-10-18T17:00:00,14.56
12882,23,2024-10-18T18:00:00,14.2
12883,23,2024-10-18T19:00:00,13.97
12884,23,2024-10-18T20:00:00,13.97
12885,23,2024-10-18T21:00:00,13.95
12886,23,2024-10-18T22:00:00,13.88
12887,23,2024-10-18T23:00:00,13.84
12888,23,2024-10-19T00:00:00,13.65
12889,23,2024-10-19T01:00:00,13.64
12890,23,2024-10-19T02:00:00,13.66
12891,23,2024-10-19T03:00:00,13.27
12892,23,2024-10-19T04:00:00,12.78
12893,23,2024-10-19T05:00:00,12.13
12894,23,2024-10-19T06:00:00,11.28
12895,23,2024-10-19T07:00:00,10.91
12896,23,2024-10-19T08:00:00,10.95
12897,23,2024-10-19T09:00:00,11.53
12898,23,2024-10-19T10:00:00,12.32
12899,23,2024-10-19T11:00:00,12.78
12900,23,2024-10-19T12:00:00,13.21
12901,23,2024-10-19T13:00:00,13.74
12902,23,2024-10-19T14:00:00,13.63
12903,23,2024-10-19T15:00:00,12.95
12904,23,2024-10-19T16:00:00,12.81
12905,23,2024-10-19T17:00:00,12.27
12906,23,2024-10-19T18:00:00,12.01
12907,23,2024-10-19T19:00:00,11.89
12908,23,2024-10-19T20:00:00,11.62
12909,23,2024-10-19T21:00:00,11.27
12910,23,2024-10-19T22:00:00,11.22
12911,23,2024-10-19T23:00:00,11.42
12912,23,2024-10-20T00:00:00,11.47
12913,23,2024-10-20T01:00:00,11.24
12914,23,2024-10-20T02:00:00,10.97
12915,23,2024-10-20T03:00:00,10.93
12916,23,2024-10-20T04:00:00,11.07
12917,23,2024-10-20T05:00:00,10.94
12918,23,2024-10-20T06:00:00,10.67
12919,23,2024-10-20T07:00:00,10.93
12920,23,2024-10-20T08:00:00,11.26
12921,23,2024-10-20T09:00:00,11.88
12922,23,2024-10-20T10:00:00,12.35
12923,23,2024-10-20T11:00:00,12.68
12924,23,2024-10-20T12:00:00,13.39
12925,23,2024-10-20T13:00:00,14.26
12926,23,2024-10-20T14:00:00,14.55
12927,23,2024-10-20T15:00:00,14.33
12928,23,2024-10-20T16:00:00,14.15
12929,23,2024-10-20T17:00:00,14.03
12930,23,2024-10-20T18:00:00,14.23
12931,23,2024-10-20T19:00:00,14.52
12932,23,2024-10-20T20:00:00,14.65
12933,23,2024-10-20T21:00:00,14.85
12934,23,2024-10-20T22:00:00,15.18
12935,23,2024-10-20T23:00:00,15.41
12936,23,2024-10-21T00:00:00,15.56
12937,23,2024-10-21T01:00:00,15.61
12938,23,2024-10-21T02:00:00,15.25
12939,23,2024-10-21T03:00:00,14.72
12940,23,2024-10-21T04:00:00,14.44
12941,23,2024-10-21T05:00:00,14.29
12942,23,2024-10-21T06:00:00,14.16
12943,23,2024-10-21T07:00:00,14.03
12944,23,2024-10-21T08:00:00,13.99
12945,23,2024-10-21T09:00:00,14.21
12946,23,2024-10-21T10:00:00,14.26
12947,23,2024-10-21T11:00:00,14.11
12948,23,2024-10-21T12:00:00,14.26
12949,23,2024-10-21T13:00:00,14.28
12950,23,2024-10-21T14:00:00,14.35
12951,23,2024-10-21T15:00:00,14.68
12952,23,2024-10-21T16:00:00,14.39
12953,23,2024-10-21T17:00:00,14.02
12954,23,2024-10-21T18:00:00,13.69
12955,23,2024-10-21T19:00:00,13.49
12956,23,2024-10-21T20:00:00,13.61
12957,23,2024-10-21T21:00:00,14.0
12958,23,2024-10-21T22:00:00,14.29
12959,23,2024-10-21T23:00:00,13.81
12960,23,2024-10-22T00:00:00,13.01
12961,23,2024-10-22T01:00:00,11.61
12962,23,2024-10-22T02:00:00,10.07
12963,23,2024-10-22T03:00:00,9.48
12964,23,2024-10-22T04:00:00,8.79
12965,23,2024-10-22T05:00:00,8.27
12966,23,2024-10-22T06:00:00,7.14
12967,23,2024-10-22T07:00:00,6.68
12968,23,2024-10-22T08:00:00,8.01
12969,23,2024-10-22T09:00:00,8.69
12970,23,2024-10-22T10:00:00,9.96
12971,23,2024-10-22T11:00:00,11.7
12972,23,2024-10-22T12:00:00,12.49
12973,23,2024-10-22T13:00:00,13.04
12974,23,2024-10-22T14:00:00,13.64
12975,23,2024-10-22T15:00:00,13.58
12976,23,2024-10-22T16:00:00,12.79
12977,23,2024-10-22T17:00:00,10.35
12978,23,2024-10-22T18:00:00,9.16
12979,23,2024-10-22T19:00:00,8.56
12980,23,2024-10-22T20:00:00,7.56
12981,23,2024-10-22T21:00:00,6.81
12982,23,2024-10-22T22:00:00,6.66
12983,23,2024-10-22T23:00:00,6.39
12984,23,2024-10-23T00:00:00,6.46
12985,23,2024-10-23T01:00:00,6.28
12986,23,2024-10-23T02:00:00,6.22
12987,23,2024-10-23T03:00:00,5.38
12988,23,2024-10-23T04:00:00,5.65
12989,23,2024-10-23T05:00:00,5.31
12990,23,2024-10-23T06:00:00,5.12
12991,23,2024-10-23T07:00:00,4.98
12992,23,2024-10-23T08:00:00,7.08
12993,23,2024-10-23T09:00:00,9.38
12994,23,2024-10-23T10:00:00,11.41
12995,23,2024-10-23T11:00:00,13.18
12996,23,2024-10-23T12:00:00,14.14
12997,23,2024-10-23T13:00:00,14.69
12998,23,2024-10-23T14:00:00,14.53
12999,23,2024-10-23T15:00:00,14.29
13000,23,2024-10-23T16:00:00,13.53
13001,23,2024-10-23T17:00:00,11.3
13002,23,2024-10-23T18:00:00,10.08
13003,23,2024-10-23T19:00:00,9.42
13004,23,2024-10-23T20:00:00,8.78
13005,23,2024-10-23T21:00:00,7.83
13006,23,2024-10-23T22:00:00,7.45
13007,23,2024-10-23T23:00:00,6.57
13008,23,2024-10-24T00:00:00,6.4
13009,23,2024-10-24T01:00:00,5.74
13010,23,2024-10-24T02:00:00,5.24
13011,23,2024-10-24T03:00:00,5.02
13012,23,2024-10-24T04:00:00,4.43
13013,23,2024-10-24T05:00:00,4.29
13014,23,2024-10-24T06:00:00,4.14
13015,23,2024-10-24T07:00:00,4.37
13016,23,2024-10-24T08:00:00,6.4
13017,23,2024-10-24T09:00:00,8.37
13018,23,2024-10-24T10:00:00,9.68
13019,23,2024-10-24T11:00:00,10.6
13020,23,2024-10-24T12:00:00,11.46
13021,23,2024-10-24T13:00:00,11.89
13022,23,2024-10-24T14:00:00,11.85
13023,23,2024-10-24T15:00:00,11.82
13024,23,2024-10-24T16:00:00,11.15
13025,23,2024-10-24T17:00:00,10.54
13026,23,2024-10-24T18:00:00,10.13
13027,23,2024-10-24T19:00:00,10.09
13028,23,2024-10-24T20:00:00,10.03
13029,23,2024-10-24T21:00:00,10.25
13030,23,2024-10-24T22:00:00,10.25
13031,23,2024-10-24T23:00:00,10.45
13032,23,2024-10-25T00:00:00,10.41
13033,23,2024-10-25T01:00:00,10.75
13034,23,2024-10-25T02:00:00,10.86
13035,23,2024-10-25T03:00:00,10.58
13036,23,2024-10-25T04:00:00,10.51
13037,23,2024-10-25T05:00:00,10.35
13038,23,2024-10-25T06:00:00,9.94
13039,23,2024-10-25T07:00:00,9.57
13040,23,2024-10-25T08:00:00,10.27
13041,23,2024-10-25T09:00:00,11.99
13042,23,2024-10-25T10:00:00,12.87
13043,23,2024-10-25T11:00:00,14.24
13044,23,2024-10-25T12:00:00,15.23
13045,23,2024-10-25T13:00:00,16.67
13046,23,2024-10-25T14:00:00,17.33
13047,23,2024-10-25T15:00:00,17.2
13048,23,2024-10-25T16:00:00,16.47
13049,23,2024-10-25T17:00:00,14.74
13050,23,2024-10-25T18:00:00,13.1
13051,23,2024-10-25T19:00:00,12.37
13052,23,2024-10-25T20:00:00,11.94
13053,23,2024-10-25T21:00:00,11.65
13054,23,2024-10-25T22:00:00,11.42
13055,23,2024-10-25T23:00:00,11.02
13056,23,2024-10-26T00:00:00,10.36
13057,23,2024-10-26T01:00:00,9.98
13058,23,2024-10-26T02:00:00,9.93
13059,23,2024-10-26T03:00:00,10.27
13060,23,2024-10-26T04:00:00,10.21
13061,23,2024-10-26T05:00:00,10.43
13062,23,2024-10-26T06:00:00,10.33
13063,23,2024-10-26T07:00:00,10.53
13064,23,2024-10-26T08:00:00,12.03
13065,23,2024-10-26T09:00:00,14.09
13066,23,2024-10-26T10:00:00,16.53
13067,23,2024-10-26T11:00:00,18.28
13068,23,2024-10-26T12:00:00,19.55
13069,23,2024-10-26T13:00:00,20.6
13070,23,2024-10-26T14:00:00,20.99
13071,23,2024-10-26T15:00:00,20.36
13072,23,2024-10-26T16:00:00,18.58
13073,23,2024-10-26T17:00:00,15.88
13074,23,2024-10-26T18:00:00,13.4
13075,23,2024-10-26T19:00:00,12.08
13076,23,2024-10-26T20:00:00,11.02
13077,23,2024-10-26T21:00:00,10.46
13078,23,2024-10-26T22:00:00,10.12
13079,23,2024-10-26T23:00:00,10.25
13080,23,2024-10-27T00:00:00,10.47
13081,23,2024-10-27T01:00:00,10.63
13082,23,2024-10-27T02:00:00,10.88
13083,23,2024-10-27T03:00:00,11.49
13084,23,2024-10-27T04:00:00,11.04
13085,23,2024-10-27T05:00:00,11.66
13086,23,2024-10-27T06:00:00,11.88
13087,23,2024-10-27T07:00:00,11.73
13088,23,2024-10-27T08:00:00,11.66
13089,23,2024-10-27T09:00:00,11.84
13090,23,2024-10-27T10:00:00,12.39
13091,23,2024-10-27T11:00:00,12.78
13092,23,2024-10-27T12:00:00,13.06
13093,23,2024-10-27T13:00:00,13.77
13094,23,2024-10-27T14:00:00,14.03
13095,23,2024-10-27T15:00:00,13.82
13096,23,2024-10-27T16:00:00,13.4
13097,23,2024-10-27T17:00:00,12.49
13098,23,2024-10-27T18:00:00,11.69
13099,23,2024-10-27T19:00:00,11.23
13100,23,2024-10-27T20:00:00,10.87
13101,23,2024-10-27T21:00:00,10.68
13102,23,2024-10-27T22:00:00,10.68
13103,23,2024-10-27T23:00:00,10.59
13104,23,2024-10-28T00:00:00,10.85
13105,23,2024-10-28T01:00:00,11.14
13106,23,2024-10-28T02:00:00,11.26
13107,23,2024-10-28T03:00:00,11.29
13108,23,2024-10-28T04:00:00,10.89
13109,23,2024-10-28T05:00:00,10.77
13110,23,2024-10-28T06:00:00,10.97
13111,23,2024-10-28T07:00:00,11.15
13112,23,2024-10-28T08:00:00,11.54
13113,23,2024-10-28T09:00:00,12.11
13114,23,2024-10-28T10:00:00,12.9
13115,23,2024-10-28T11:00:00,13.45
13116,23,2024-10-28T12:00:00,13.89
13117,23,2024-10-28T13:00:00,14.7
13118,23,2024-10-28T14:00:00,14.58
13119,23,2024-10-28T15:00:00,14.36
13120,23,2024-10-28T16:00:00,13.86
13121,23,2024-10-28T17:00:00,12.91
13122,23,2024-10-28T18:00:00,12.34
13123,23,2024-10-28T19:00:00,11.53
13124,23,2024-10-28T20:00:00,10.88
13125,23,2024-10-28T21:00:00,10.07
13126,23,2024-10-28T22:00:00,9.77
13127,23,2024-10-28T23:00:00,9.92
13128,23,2024-10-29T00:00:00,10.0
13129,23,2024-10-29T01:00:00,10.05
13130,23,2024-10-29T02:00:00,10.23
13131,23,2024-10-29T03:00:00,10.27
13132,23,2024-10-29T04:00:00,10.15
13133,23,2024-10-29T05:00:00,10.13
13134,23,2024-10-29T06:00:00,10.0
13135,23,2024-10-29T07:00:00,9.81
13136,23,2024-10-29T08:00:00,10.07
13137,23,2024-10-29T09:00:00,10.8
13138,23,2024-10-29T10:00:00,11.93
13139,23,2024-10-29T11:00:00,13.37
13140,23,2024-10-29T12:00:00,14.07
13141,23,2024-10-29T13:00:00,14.68
13142,23,2024-10-29T14:00:00,14.66
13143,23,2024-10-29T15:00:00,14.39
13144,23,2024-10-29T16:00:00,13.43
13145,23,2024-10-29T17:00:00,11.92
13146,23,2024-10-29T18:00:00,11.29
13147,23,2024-10-29T19:00:00,11.16
13148,23,2024-10-29T20:00:00,10.97
13149,23,2024-10-29T21:00:00,10.73
13150,23,2024-10-29T22:00:00,10.49
13151,23,2024-10-29T23:00:00,10.4
13152,23,2024-10-30T00:00:00,10.28
13153,23,2024-10-30T01:00:00,10.28
13154,23,2024-10-30T02:00:00,10.29
13155,23,2024-10-30T03:00:00,10.28
13156,23,2024-10-30T04:00:00,10.29
13157,23,2024-10-30T05:00:00,10.3
13158,23,2024-10-30T06:00:00,10.18
13159,23,2024-10-30T07:00:00,10.09
13160,23,2024-10-30T08:00:00,10.49
13161,23,2024-10-30T09:00:00,11.08
13162,23,2024-10-30T10:00:00,11.74
13163,23,2024-10-30T11:00:00,12.36
13164,23,2024-10-30T12:00:00,12.89
13165,23,2024-10-30T13:00:00,13.24
13166,23,2024-10-30T14:00:00,12.93
13167,23,2024-10-30T15:00:00,12.7
13168,23,2024-10-30T16:00:00,12.27
13169,23,2024-10-30T17:00:00,11.76
13170,23,2024-10-30T18:00:00,11.35
13171,23,2024-10-30T19:00:00,10.8
13172,23,2024-10-30T20:00:00,10.39
13173,23,2024-10-30T21:00:00,10.15
13174,23,2024-10-30T22:00:00,9.6
13175,23,2024-10-30T23:00:00,9.21
13176,23,2024-10-31T00:00:00,8.97
13177,23,2024-10-31T01:00:00,8.79
13178,23,2024-10-31T02:00:00,8.0
13179,23,2024-10-31T03:00:00,7.42
13180,23,2024-10-31T04:00:00,7.4
13181,23,2024-10-31T05:00:00,7.3
13182,23,2024-10-31T06:00:00,7.06
13183,23,2024-10-31T07:00:00,6.98
13184,23,2024-10-31T08:00:00,8.09
13185,23,2024-10-31T09:00:00,10.11
13186,23,2024-10-31T10:00:00,11.31
13187,23,2024-10-31T11:00:00,12.75
13188,23,2024-10-31T12:00:00,13.96
13189,23,2024-10-31T13:00:00,14.51
13190,23,2024-10-31T14:00:00,14.97
13191,23,2024-10-31T15:00:00,14.65
13192,23,2024-10-31T16:00:00,13.19
13193,23,2024-10-31T17:00:00,10.5
13194,23,2024-10-31T18:00:00,8.34
13195,23,2024-10-31T19:00:00,7.54
13196,23,2024-10-31T20:00:00,6.97
13197,23,2024-10-31T21:00:00,7.1
13198,23,2024-10-31T22:00:00,7.06
13199,23,2024-10-31T23:00:00,6.92
13200,23,2024-11-01T00:00:00,7.74
13201,23,2024-11-01T01:00:00,8.26
13202,23,2024-11-01T02:00:00,8.18
13203,23,2024-11-01T03:00:00,8.06
13204,23,2024-11-01T04:00:00,8.02
13205,23,2024-11-01T05:00:00,7.94
13206,23,2024-11-01T06:00:00,7.82
13207,23,2024-11-01T07:00:00,7.65
13208,23,2024-11-01T08:00:00,7.68
13209,23,2024-11-01T09:00:00,7.79
13210,23,2024-11-01T10:00:00,7.91
13211,23,2024-11-01T11:00:00,8.23
13212,23,2024-11-01T12:00:00,8.84
13213,23,2024-11-01T13:00:00,9.44
13214,23,2024-11-01T14:00:00,9.9
13215,23,2024-11-01T15:00:00,9.77
13216,23,2024-11-01T16:00:00,8.94
13217,23,2024-11-01T17:00:00,8.42
13218,23,2024-11-01T18:00:00,8.4
13219,23,2024-11-01T19:00:00,8.31
13220,23,2024-11-01T20:00:00,8.3
13221,23,2024-11-01T21:00:00,8.4
13222,23,2024-11-01T22:00:00,8.28
13223,23,2024-11-01T23:00:00,8.3
13224,23,2024-11-02T00:00:00,8.35
13225,23,2024-11-02T01:00:00,8.42
13226,23,2024-11-02T02:00:00,8.42
13227,23,2024-11-02T03:00:00,8.41
13228,23,2024-11-02T04:00:00,8.45
13229,23,2024-11-02T05:00:00,8.48
13230,23,2024-11-02T06:00:00,8.54
13231,23,2024-11-02T07:00:00,8.54
13232,23,2024-11-02T08:00:00,8.71
13233,23,2024-11-02T09:00:00,8.91
13234,23,2024-11-02T10:00:00,9.18
13235,23,2024-11-02T11:00:00,9.5
13236,23,2024-11-02T12:00:00,9.87
13237,23,2024-11-02T13:00:00,9.97
13238,23,2024-11-02T14:00:00,10.05
13239,23,2024-11-02T15:00:00,9.84
13240,23,2024-11-02T16:00:00,9.51
13241,23,2024-11-02T17:00:00,9.4
13242,23,2024-11-02T18:00:00,9.3
13243,23,2024-11-02T19:00:00,9.13
13244,23,2024-11-02T20:00:00,8.93
13245,23,2024-11-02T21:00:00,8.56
13246,23,2024-11-02T22:00:00,8.1
13247,23,2024-11-02T23:00:00,7.64
13248,23,2024-11-03T00:00:00,6.9
13249,23,2024-11-03T01:00:00,6.44
13250,23,2024-11-03T02:00:00,6.56
13251,23,2024-11-03T03:00:00,6.89
13252,23,2024-11-03T04:00:00,6.51
13253,23,2024-11-03T05:00:00,6.28
13254,23,2024-11-03T06:00:00,6.28
13255,23,2024-11-03T07:00:00,6.16
13256,23,2024-11-03T08:00:00,6.19
13257,23,2024-11-03T09:00:00,6.51
13258,23,2024-11-03T10:00:00,7.48
13259,23,2024-11-03T11:00:00,8.9
13260,23,2024-11-03T12:00:00,10.19
13261,23,2024-11-03T13:00:00,11.83
13262,23,2024-11-03T14:00:00,12.39
13263,23,2024-11-03T15:00:00,11.83
13264,23,2024-11-03T16:00:00,10.15
13265,23,2024-11-03T17:00:00,7.76
13266,23,2024-11-03T18:00:00,6.54
13267,23,2024-11-03T19:00:00,6.03
13268,23,2024-11-03T20:00:00,5.75
13269,23,2024-11-03T21:00:00,5.03
13270,23,2024-11-03T22:00:00,4.56
13271,23,2024-11-03T23:00:00,4.19
13272,23,2024-11-04T00:00:00,3.98
13273,23,2024-11-04T01:00:00,3.71
13274,23,2024-11-04T02:00:00,3.49
13275,23,2024-11-04T03:00:00,3.19
13276,23,2024-11-04T04:00:00,3.73
13277,23,2024-11-04T05:00:00,4.04
13278,23,2024-11-04T06:00:00,4.08
13279,23,2024-11-04T07:00:00,4.34
13280,23,2024-11-04T08:00:00,5.34
13281,23,2024-11-04T09:00:00,7.23
13282,23,2024-11-04T10:00:00,9.12
13283,23,2024-11-04T11:00:00,11.01
13284,23,2024-11-04T12:00:00,12.38
13285,23,2024-11-04T13:00:00,13.57
13286,23,2024-11-04T14:00:00,14.28
13287,23,2024-11-04T15:00:00,14.11
13288,23,2024-11-04T16:00:00,12.11
13289,23,2024-11-04T17:00:00,9.1
13290,23,2024-11-04T18:00:00,7.94
13291,23,2024-11-04T19:00:00,6.49
13292,23,2024-11-04T20:00:00,5.64
13293,23,2024-11-04T21:00:00,4.61
13294,23,2024-11-04T22:00:00,4.27
13295,23,2024-11-04T23:00:00,4.17
13296,23,2024-11-05T00:00:00,3.84
13297,23,2024-11-05T01:00:00,3.58
13298,23,2024-11-05T02:00:00,3.43
13299,23,2024-11-05T03:00:00,3.1
13300,23,2024-11-05T04:00:00,2.51
13301,23,2024-11-05T05:00:00,1.92
13302,23,2024-11-05T06:00:00,1.44
13303,23,2024-11-05T07:00:00,0.59
13304,23,2024-11-05T08:00:00,1.0
13305,23,2024-11-05T09:00:00,3.64
13306,23,2024-11-05T10:00:00,6.58
13307,23,2024-11-05T11:00:00,8.35
13308,23,2024-11-05T12:00:00,10.81
13309,23,2024-11-05T13:00:00,12.44
13310,23,2024-11-05T14:00:00,12.62
13311,23,2024-11-05T15:00:00,11.73
13312,23,2024-11-05T16:00:00,9.38
13313,23,2024-11-05T17:00:00,7.24
13314,23,2024-11-05T18:00:00,6.05
13315,23,2024-11-05T19:00:00,5.6
13316,23,2024-11-05T20:00:00,5.39
13317,23,2024-11-05T21:00:00,5.15
13318,23,2024-11-05T22:00:00,5.47
13319,23,2024-11-05T23:00:00,5.78
13320,23,2024-11-06T00:00:00,6.72
13321,23,2024-11-06T01:00:00,7.39
13322,23,2024-11-06T02:00:00,7.24
13323,23,2024-11-06T03:00:00,7.44
13324,23,2024-11-06T04:00:00,7.73
13325,23,2024-11-06T05:00:00,7.86
13326,23,2024-11-06T06:00:00,7.46
13327,23,2024-11-06T07:00:00,7.14
13328,23,2024-11-06T08:00:00,7.36
13329,23,2024-11-06T09:00:00,8.21
13330,23,2024-11-06T10:00:00,9.51
13331,23,2024-11-06T11:00:00,9.52
13332,23,2024-11-06T12:00:00,9.52
13333,23,2024-11-06T13:00:00,8.84
13334,23,2024-11-06T14:00:00,9.0
13335,23,2024-11-06T15:00:00,8.61
13336,23,2024-11-06T16:00:00,8.28
13337,23,2024-11-06T17:00:00,8.08
13338,23,2024-11-06T18:00:00,8.03
13339,23,2024-11-06T19:00:00,7.97
13340,23,2024-11-06T20:00:00,8.0
13341,23,2024-11-06T21:00:00,7.95
13342,23,2024-11-06T22:00:00,7.63
13343,23,2024-11-06T23:00:00,7.24
13344,23,2024-11-07T00:00:00,7.03
13345,23,2024-11-07T01:00:00,6.76
13346,23,2024-11-07T02:00:00,6.52
13347,23,2024-11-07T03:00:00,5.94
13348,23,2024-11-07T04:00:00,4.99
13349,23,2024-11-07T05:00:00,5.19
13350,23,2024-11-07T06:00:00,6.04
13351,23,2024-11-07T07:00:00,6.56
13352,23,2024-11-07T08:00:00,7.27
13353,23,2024-11-07T09:00:00,8.03
13354,23,2024-11-07T10:00:00,7.97
13355,23,2024-11-07T11:00:00,8.13
13356,23,2024-11-07T12:00:00,9.19
13357,23,2024-11-07T13:00:00,9.86
13358,23,2024-11-07T14:00:00,9.88
13359,23,2024-11-07T15:00:00,9.28
13360,23,2024-11-07T16:00:00,7.64
13361,23,2024-11-07T17:00:00,5.84
13362,23,2024-11-07T18:00:00,5.08
13363,23,2024-11-07T19:00:00,4.41
13364,23,2024-11-07T20:00:00,3.42
13365,23,2024-11-07T21:00:00,3.05
13366,23,2024-11-07T22:00:00,3.14
13367,23,2024-11-07T23:00:00,3.01
13368,23,2024-11-08T00:00:00,2.39
13369,23,2024-11-08T01:00:00,2.24
13370,23,2024-11-08T02:00:00,2.13
13371,23,2024-11-08T03:00:00,2.08
13372,23,2024-11-08T04:00:00,2.03
13373,23,2024-11-08T05:00:00,2.1
13374,23,2024-11-08T06:00:00,2.08
13375,23,2024-11-08T07:00:00,2.15
13376,23,2024-11-08T08:00:00,2.25
13377,23,2024-11-08T09:00:00,2.62
13378,23,2024-11-08T10:00:00,2.96
13379,23,2024-11-08T11:00:00,3.52
13380,23,2024-11-08T12:00:00,3.9
13381,23,2024-11-08T13:00:00,4.2
13382,23,2024-11-08T14:00:00,4.26
13383,23,2024-11-08T15:00:00,4.05
13384,23,2024-11-08T16:00:00,3.87
13385,23,2024-11-08T17:00:00,3.66
13386,23,2024-11-08T18:00:00,3.62
13387,23,2024-11-08T19:00:00,3.75
13388,23,2024-11-08T20:00:00,3.95
13389,23,2024-11-08T21:00:00,4.07
13390,23,2024-11-08T22:00:00,4.14
13391,23,2024-11-08T23:00:00,4.18
13392,23,2024-11-09T00:00:00,4.32
13393,23,2024-11-09T01:00:00,4.54
13394,23,2024-11-09T02:00:00,4.68
13395,23,2024-11-09T03:00:00,4.77
13396,23,2024-11-09T04:00:00,4.82
13397,23,2024-11-09T05:00:00,4.87
13398,23,2024-11-09T06:00:00,4.98
13399,23,2024-11-09T07:00:00,5.17
13400,23,2024-11-09T08:00:00,5.45
13401,23,2024-11-09T09:00:00,5.81
13402,23,2024-11-09T10:00:00,6.2
13403,23,2024-11-09T11:00:00,6.71
13404,23,2024-11-09T12:00:00,7.2
13405,23,2024-11-09T13:00:00,7.54
13406,23,2024-11-09T14:00:00,7.77
13407,23,2024-11-09T15:00:00,7.78
13408,23,2024-11-09T16:00:00,7.64
13409,23,2024-11-09T17:00:00,7.38
13410,23,2024-11-09T18:00:00,7.5
13411,23,2024-11-09T19:00:00,7.6
13412,23,2024-11-09T20:00:00,7.68
13413,23,2024-11-09T21:00:00,7.62
13414,23,2024-11-09T22:00:00,7.41
13415,23,2024-11-09T23:00:00,7.09
13416,23,2024-11-10T00:00:00,6.65
13417,23,2024-11-10T01:00:00,6.72
13418,23,2024-11-10T02:00:00,6.85
13419,23,2024-11-10T03:00:00,7.32
13420,23,2024-11-10T04:00:00,7.61
13421,23,2024-11-10T05:00:00,7.78
13422,23,2024-11-10T06:00:00,7.91
13423,23,2024-11-10T07:00:00,7.84
13424,23,2024-11-10T08:00:00,8.06
13425,23,2024-11-10T09:00:00,8.55
13426,23,2024-11-10T10:00:00,9.1
13427,23,2024-11-10T11:00:00,9.45
13428,23,2024-11-10T12:00:00,9.86
13429,23,2024-11-10T13:00:00,10.03
13430,23,2024-11-10T14:00:00,10.11
13431,23,2024-11-10T15:00:00,9.62
13432,23,2024-11-10T16:00:00,9.27
13433,23,2024-11-10T17:00:00,9.02
13434,23,2024-11-10T18:00:00,8.86
13435,23,2024-11-10T19:00:00,8.67
13436,23,2024-11-10T20:00:00,8.52
13437,23,2024-11-10T21:00:00,8.4
13438,23,2024-11-10T22:00:00,8.15
13439,23,2024-11-10T23:00:00,7.95
13440,23,2024-11-11T00:00:00,7.7
13441,23,2024-11-11T01:00:00,7.34
13442,23,2024-11-11T02:00:00,6.97
13443,23,2024-11-11T03:00:00,6.56
13444,23,2024-11-11T04:00:00,6.27
13445,23,2024-11-11T05:00:00,6.15
13446,23,2024-11-11T06:00:00,6.21
13447,23,2024-11-11T07:00:00,6.29
13448,23,2024-11-11T08:00:00,6.53
13449,23,2024-11-11T09:00:00,6.87
13450,23,2024-11-11T10:00:00,7.55
13451,23,2024-11-11T11:00:00,8.36
13452,23,2024-11-11T12:00:00,8.89
13453,23,2024-11-11T13:00:00,9.07
13454,23,2024-11-11T14:00:00,8.8
13455,23,2024-11-11T15:00:00,8.45
13456,23,2024-11-11T16:00:00,7.22
13457,23,2024-11-11T17:00:00,6.54
13458,23,2024-11-11T18:00:00,6.42
13459,23,2024-11-11T19:00:00,5.93
13460,23,2024-11-11T20:00:00,5.96
13461,23,2024-11-11T21:00:00,6.4
13462,23,2024-11-11T22:00:00,6.56
13463,23,2024-11-11T23:00:00,6.58
13464,23,2024-11-12T00:00:00,6.56
13465,23,2024-11-12T01:00:00,6.66
13466,23,2024-11-12T02:00:00,6.77
13467,23,2024-11-12T03:00:00,6.58
13468,23,2024-11-12T04:00:00,6.34
13469,23,2024-11-12T05:00:00,6.27
13470,23,2024-11-12T06:00:00,6.21
13471,23,2024-11-12T07:00:00,6.02
13472,23,2024-11-12T08:00:00,6.09
13473,23,2024-11-12T09:00:00,6.15
13474,23,2024-11-12T10:00:00,6.11
13475,23,2024-11-12T11:00:00,6.55
13476,23,2024-11-12T12:00:00,6.91
13477,23,2024-11-12T13:00:00,7.05
13478,23,2024-11-12T14:00:00,7.09
13479,23,2024-11-12T15:00:00,6.97
13480,23,2024-11-12T16:00:00,6.79
13481,23,2024-11-12T17:00:00,6.5
13482,23,2024-11-12T18:00:00,6.3
13483,23,2024-11-12T19:00:00,6.19
13484,23,2024-11-12T20:00:00,6.07
13485,23,2024-11-12T21:00:00,5.9
13486,23,2024-11-12T22:00:00,5.78
13487,23,2024-11-12T23:00:00,5.68
13488,23,2024-11-13T00:00:00,5.35
13489,23,2024-11-13T01:00:00,5.05
13490,23,2024-11-13T02:00:00,4.66
13491,23,2024-11-13T03:00:00,4.24
13492,23,2024-11-13T04:00:00,3.65
13493,23,2024-11-13T05:00:00,3.63
13494,23,2024-11-13T06:00:00,3.33
13495,23,2024-11-13T07:00:00,2.96
13496,23,2024-11-13T08:00:00,2.83
13497,23,2024-11-13T09:00:00,3.45
13498,23,2024-11-13T10:00:00,4.32
13499,23,2024-11-13T11:00:00,5.26
13500,23,2024-11-13T12:00:00,6.12
13501,23,2024-11-13T13:00:00,6.32
13502,23,2024-11-13T14:00:00,6.45
13503,23,2024-11-13T15:00:00,6.32
13504,23,2024-11-13T16:00:00,5.97
13505,23,2024-11-13T17:00:00,5.7
13506,23,2024-11-13T18:00:00,5.49
13507,23,2024-11-13T19:00:00,5.53
13508,23,2024-11-13T20:00:00,5.41
13509,23,2024-11-13T21:00:00,5.31
13510,23,2024-11-13T22:00:00,5.67
13511,23,2024-11-13T23:00:00,5.87
13512,23,2024-11-14T00:00:00,6.04
13513,23,2024-11-14T01:00:00,6.22
13514,23,2024-11-14T02:00:00,6.35
13515,23,2024-11-14T03:00:00,6.44
13516,23,2024-11-14T04:00:00,6.52
13517,23,2024-11-14T05:00:00,6.67
13518,23,2024-11-14T06:00:00,6.79
13519,23,2024-11-14T07:00:00,6.72
13520,23,2024-11-14T08:00:00,6.88
13521,23,2024-11-14T09:00:00,7.14
13522,23,2024-11-14T10:00:00,7.64
13523,23,2024-11-14T11:00:00,8.11
13524,23,2024-11-14T12:00:00,8.35
13525,23,2024-11-14T13:00:00,8.34
13526,23,2024-11-14T14:00:00,8.31
13527,23,2024-11-14T15:00:00,7.97
13528,23,2024-11-14T16:00:00,7.45
13529,23,2024-11-14T17:00:00,6.74
13530,23,2024-11-14T18:00:00,6.08
13531,23,2024-11-14T19:00:00,5.94
13532,23,2024-11-14T20:00:00,5.93
13533,23,2024-11-14T21:00:00,5.9
13534,23,2024-11-14T22:00:00,5.91
13535,23,2024-11-14T23:00:00,5.93
13536,23,2024-11-15T00:00:00,6.01
13537,23,2024-11-15T01:00:00,6.01
13538,23,2024-11-15T02:00:00,5.94
13539,23,2024-11-15T03:00:00,5.83
13540,23,2024-11-15T04:00:00,5.57
13541,23,2024-11-15T05:00:00,5.37
13542,23,2024-11-15T06:00:00,5.25
13543,23,2024-11-15T07:00:00,5.19
13544,23,2024-11-15T08:00:00,5.21
13545,23,2024-11-15T09:00:00,5.42
13546,23,2024-11-15T10:00:00,5.79
13547,23,2024-11-15T11:00:00,6.13
13548,23,2024-11-15T12:00:00,6.45
13549,23,2024-11-15T13:00:00,6.57
13550,23,2024-11-15T14:00:00,6.54
13551,23,2024-11-15T15:00:00,6.31
13552,23,2024-11-15T16:00:00,6.09
13553,23,2024-11-15T17:00:00,5.79
13554,23,2024-11-15T18:00:00,5.57
13555,23,2024-11-15T19:00:00,5.33
13556,23,2024-11-15T20:00:00,5.12
13557,23,2024-11-15T21:00:00,4.96
13558,23,2024-11-15T22:00:00,4.79
13559,23,2024-11-15T23:00:00,4.57
13560,23,2024-11-16T00:00:00,4.27
13561,23,2024-11-16T01:00:00,4.1
13562,23,2024-11-16T02:00:00,4.01
13563,23,2024-11-16T03:00:00,3.84
13564,23,2024-11-16T04:00:00,3.62
13565,23,2024-11-16T05:00:00,3.43
13566,23,2024-11-16T06:00:00,3.28
13567,23,2024-11-16T07:00:00,3.09
13568,23,2024-11-16T08:00:00,2.92
13569,23,2024-11-16T09:00:00,3.1
13570,23,2024-11-16T10:00:00,3.4
13571,23,2024-11-16T11:00:00,3.79
13572,23,2024-11-16T12:00:00,4.19
13573,23,2024-11-16T13:00:00,4.36
13574,23,2024-11-16T14:00:00,4.45
13575,23,2024-11-16T15:00:00,4.43
13576,23,2024-11-16T16:00:00,4.24
13577,23,2024-11-16T17:00:00,4.14
13578,23,2024-11-16T18:00:00,4.12
13579,23,2024-11-16T19:00:00,4.16
13580,23,2024-11-16T20:00:00,4.18
13581,23,2024-11-16T21:00:00,4.25
13582,23,2024-11-16T22:00:00,4.47
13583,23,2024-11-16T23:00:00,4.55
13584,23,2024-11-17T00:00:00,4.57
13585,23,2024-11-17T01:00:00,4.69
13586,23,2024-11-17T02:00:00,4.68
13587,23,2024-11-17T03:00:00,4.42
13588,23,2024-11-17T04:00:00,4.42
13589,23,2024-11-17T05:00:00,4.5
13590,23,2024-11-17T06:00:00,4.61
13591,23,2024-11-17T07:00:00,4.61
13592,23,2024-11-17T08:00:00,4.6
13593,23,2024-11-17T09:00:00,4.72
13594,23,2024-11-17T10:00:00,4.99
13595,23,2024-11-17T11:00:00,5.37
13596,23,2024-11-17T12:00:00,5.67
13597,23,2024-11-17T13:00:00,6.16
13598,23,2024-11-17T14:00:00,6.03
13599,23,2024-11-17T15:00:00,5.79
13600,23,2024-11-17T16:00:00,4.8
13601,23,2024-11-17T17:00:00,4.01
13602,23,2024-11-17T18:00:00,3.76
13603,23,2024-11-17T19:00:00,3.64
13604,23,2024-11-17T20:00:00,3.67
13605,23,2024-11-17T21:00:00,4.03
13606,23,2024-11-17T22:00:00,4.46
13607,23,2024-11-17T23:00:00,4.95
13608,23,2024-11-18T00:00:00,5.27
13609,23,2024-11-18T01:00:00,5.09
13610,23,2024-11-18T02:00:00,5.21
13611,23,2024-11-18T03:00:00,5.49
13612,23,2024-11-18T04:00:00,5.58
13613,23,2024-11-18T05:00:00,5.59
13614,23,2024-11-18T06:00:00,5.43
13615,23,2024-11-18T07:00:00,5.01
13616,23,2024-11-18T08:00:00,4.77
13617,23,2024-11-18T09:00:00,4.62
13618,23,2024-11-18T10:00:00,4.88
13619,23,2024-11-18T11:00:00,5.36
13620,23,2024-11-18T12:00:00,5.59
13621,23,2024-11-18T13:00:00,5.94
13622,23,2024-11-18T14:00:00,6.0
13623,23,2024-11-18T15:00:00,5.69
13624,23,2024-11-18T16:00:00,5.23
13625,23,2024-11-18T17:00:00,4.73
13626,23,2024-11-18T18:00:00,4.03
13627,23,2024-11-18T19:00:00,3.93
13628,23,2024-11-18T20:00:00,3.97
13629,23,2024-11-18T21:00:00,4.14
13630,23,2024-11-18T22:00:00,3.98
13631,23,2024-11-18T23:00:00,4.07
13632,23,2024-11-19T00:00:00,4.58
13633,23,2024-11-19T01:00:00,5.21
13634,23,2024-11-19T02:00:00,6.22
13635,23,2024-11-19T03:00:00,7.82
13636,23,2024-11-19T04:00:00,8.5
13637,23,2024-11-19T05:00:00,8.78
13638,23,2024-11-19T06:00:00,8.78
13639,23,2024-11-19T07:00:00,8.94
13640,23,2024-11-19T08:00:00,8.97
13641,23,2024-11-19T09:00:00,9.11
13642,23,2024-11-19T10:00:00,9.07
13643,23,2024-11-19T11:00:00,8.98
13644,23,2024-11-19T12:00:00,8.66
13645,23,2024-11-19T13:00:00,8.27
13646,23,2024-11-19T14:00:00,7.3
13647,23,2024-11-19T15:00:00,5.3
13648,23,2024-11-19T16:00:00,4.18
13649,23,2024-11-19T17:00:00,2.77
13650,23,2024-11-19T18:00:00,2.15
13651,23,2024-11-19T19:00:00,1.91
13652,23,2024-11-19T20:00:00,1.59
13653,23,2024-11-19T21:00:00,1.44
13654,23,2024-11-19T22:00:00,1.13
13655,23,2024-11-19T23:00:00,0.81
13656,23,2024-11-20T00:00:00,0.93
13657,23,2024-11-20T01:00:00,1.16
13658,23,2024-11-20T02:00:00,1.41
13659,23,2024-11-20T03:00:00,1.53
13660,23,2024-11-20T04:00:00,1.6
13661,23,2024-11-20T05:00:00,1.3
13662,23,2024-11-20T06:00:00,0.73
13663,23,2024-11-20T07:00:00,0.25
13664,23,2024-11-20T08:00:00,-0.23
13665,23,2024-11-20T09:00:00,-0.26
13666,23,2024-11-20T10:00:00,-0.17
13667,23,2024-11-20T11:00:00,-0.07
13668,23,2024-11-20T12:00:00,0.76
13669,23,2024-11-20T13:00:00,1.0
13670,23,2024-11-20T14:00:00,1.36
13671,23,2024-11-20T15:00:00,1.54
13672,23,2024-11-20T16:00:00,1.1
13673,23,2024-11-20T17:00:00,0.54
13674,23,2024-11-20T18:00:00,-0.04
13675,23,2024-11-20T19:00:00,-0.04
13676,23,2024-11-20T20:00:00,-0.6
13677,23,2024-11-20T21:00:00,-0.55
13678,23,2024-11-20T22:00:00,-0.44
13679,23,2024-11-20T23:00:00,-0.2
13680,23,2024-11-21T00:00:00,-0.12
13681,23,2024-11-21T01:00:00,-0.19
13682,23,2024-11-21T02:00:00,-0.5
13683,23,2024-11-21T03:00:00,-0.86
13684,23,2024-11-21T04:00:00,-1.28
13685,23,2024-11-21T05:00:00,-1.69
13686,23,2024-11-21T06:00:00,-2.08
13687,23,2024-11-21T07:00:00,-2.37
13688,23,2024-11-21T08:00:00,-2.57
13689,23,2024-11-21T09:00:00,-2.27
13690,23,2024-11-21T10:00:00,-1.87
13691,23,2024-11-21T11:00:00,-1.84
13692,23,2024-11-21T12:00:00,-1.72
13693,23,2024-11-21T13:00:00,-1.54
13694,23,2024-11-21T14:00:00,-1.5
13695,23,2024-11-21T15:00:00,-1.77
13696,23,2024-11-21T16:00:00,-2.37
13697,23,2024-11-21T17:00:00,-2.69
13698,23,2024-11-21T18:00:00,-3.02
13699,23,2024-11-21T19:00:00,-3.26
13700,23,2024-11-21T20:00:00,-3.49
13701,23,2024-11-21T21:00:00,-3.68
13702,23,2024-11-21T22:00:00,-3.95
13703,23,2024-11-21T23:00:00,-3.86
13704,23,2024-11-22T00:00:00,-3.54
13705,23,2024-11-22T01:00:00,-3.39
13706,23,2024-11-22T02:00:00,-3.46
13707,23,2024-11-22T03:00:00,-3.23
13708,23,2024-11-22T04:00:00,-2.85
13709,23,2024-11-22T05:00:00,-2.47
13710,23,2024-11-22T06:00:00,-1.93
13711,23,2024-11-22T07:00:00,-1.56
13712,23,2024-11-22T08:00:00,-1.48
13713,23,2024-11-22T09:00:00,-0.99
13714,23,2024-11-22T10:00:00,-0.25
13715,23,2024-11-22T11:00:00,-0.2
13716,23,2024-11-22T12:00:00,0.07
13717,23,2024-11-22T13:00:00,0.36
13718,23,2024-11-22T14:00:00,0.84
13719,23,2024-11-22T15:00:00,1.24
13720,23,2024-11-22T16:00:00,0.98
13721,23,2024-11-22T17:00:00,1.05
13722,23,2024-11-22T18:00:00,1.08
13723,23,2024-11-22T19:00:00,1.07
13724,23,2024-11-22T20:00:00,0.78
13725,23,2024-11-22T21:00:00,0.68
13726,23,2024-11-22T22:00:00,0.18
13727,23,2024-11-22T23:00:00,0.17
13728,23,2024-11-23T00:00:00,-0.1
13729,23,2024-11-23T01:00:00,-0.27
13730,23,2024-11-23T02:00:00,-0.23
13731,23,2024-11-23T03:00:00,-0.37
13732,23,2024-11-23T04:00:00,-0.33
13733,23,2024-11-23T05:00:00,-0.12
13734,23,2024-11-23T06:00:00,-0.03
13735,23,2024-11-23T07:00:00,0.19
13736,23,2024-11-23T08:00:00,0.64
13737,23,2024-11-23T09:00:00,1.03
13738,23,2024-11-23T10:00:00,1.4
13739,23,2024-11-23T11:00:00,1.88
13740,23,2024-11-23T12:00:00,2.22
13741,23,2024-11-23T13:00:00,2.48
13742,23,2024-11-23T14:00:00,2.63
13743,23,2024-11-23T15:00:00,2.83
13744,23,2024-11-23T16:00:00,3.16
13745,23,2024-11-23T17:00:00,3.26
13746,23,2024-11-23T18:00:00,3.46
13747,23,2024-11-23T19:00:00,3.66
13748,23,2024-11-23T20:00:00,3.89
13749,23,2024-11-23T21:00:00,4.44
13750,23,2024-11-23T22:00:00,5.12
13751,23,2024-11-23T23:00:00,6.14
13752,23,2024-11-24T00:00:00,6.27
13753,23,2024-11-24T01:00:00,7.04
13754,23,2024-11-24T02:00:00,7.78
13755,23,2024-11-24T03:00:00,8.54
13756,23,2024-11-24T04:00:00,8.96
13757,23,2024-11-24T05:00:00,9.37
13758,23,2024-11-24T06:00:00,9.32
13759,23,2024-11-24T07:00:00,9.3
13760,23,2024-11-24T08:00:00,9.63
13761,23,2024-11-24T09:00:00,10.47
13762,23,2024-11-24T10:00:00,11.83
13763,23,2024-11-24T11:00:00,13.36
13764,23,2024-11-24T12:00:00,14.35
13765,23,2024-11-24T13:00:00,14.45
13766,23,2024-11-24T14:00:00,14.24
13767,23,2024-11-24T15:00:00,14.11
13768,23,2024-11-24T16:00:00,13.61
13769,23,2024-11-24T17:00:00,13.3
13770,23,2024-11-24T18:00:00,13.16
13771,23,2024-11-24T19:00:00,12.93
13772,23,2024-11-24T20:00:00,12.81
13773,23,2024-11-24T21:00:00,12.65
13774,23,2024-11-24T22:00:00,12.5
13775,23,2024-11-24T23:00:00,12.43
13776,23,2024-11-25T00:00:00,12.17
13777,23,2024-11-25T01:00:00,11.99
13778,23,2024-11-25T02:00:00,11.95
13779,23,2024-11-25T03:00:00,12.22
13780,23,2024-11-25T04:00:00,12.42
13781,23,2024-11-25T05:00:00,12.57
13782,23,2024-11-25T06:00:00,12.74
13783,23,2024-11-25T07:00:00,12.89
13784,23,2024-11-25T08:00:00,13.16
13785,23,2024-11-25T09:00:00,13.17
13786,23,2024-11-25T10:00:00,13.41
13787,23,2024-11-25T11:00:00,13.42
13788,23,2024-11-25T12:00:00,13.3
13789,23,2024-11-25T13:00:00,11.89
13790,23,2024-11-25T14:00:00,10.53
13791,23,2024-11-25T15:00:00,9.9
13792,23,2024-11-25T16:00:00,8.28
13793,23,2024-11-25T17:00:00,7.64
13794,23,2024-11-25T18:00:00,7.42
13795,23,2024-11-25T19:00:00,7.35
13796,23,2024-11-25T20:00:00,7.35
13797,23,2024-11-25T21:00:00,7.22
13798,23,2024-11-25T22:00:00,7.06
13799,23,2024-11-25T23:00:00,6.88
13800,23,2024-11-26T00:00:00,6.6
13801,23,2024-11-26T01:00:00,6.42
13802,23,2024-11-26T02:00:00,6.18
13803,23,2024-11-26T03:00:00,6.16
13804,23,2024-11-26T04:00:00,6.28
13805,23,2024-11-26T05:00:00,6.4
13806,23,2024-11-26T06:00:00,6.02
13807,23,2024-11-26T07:00:00,5.15
13808,23,2024-11-26T08:00:00,4.99
13809,23,2024-11-26T09:00:00,5.62
13810,23,2024-11-26T10:00:00,6.46
13811,23,2024-11-26T11:00:00,6.92
13812,23,2024-11-26T12:00:00,7.2
13813,23,2024-11-26T13:00:00,7.58
13814,23,2024-11-26T14:00:00,7.62
13815,23,2024-11-26T15:00:00,7.65
13816,23,2024-11-26T16:00:00,6.86
13817,23,2024-11-26T17:00:00,5.85
13818,23,2024-11-26T18:00:00,5.55
13819,23,2024-11-26T19:00:00,5.47
13820,23,2024-11-26T20:00:00,5.26
13821,23,2024-11-26T21:00:00,5.28
13822,23,2024-11-26T22:00:00,5.3
13823,23,2024-11-26T23:00:00,5.21
13824,23,2024-11-27T00:00:00,5.08
13825,23,2024-11-27T01:00:00,4.95
13826,23,2024-11-27T02:00:00,4.83
13827,23,2024-11-27T03:00:00,5.01
13828,23,2024-11-27T04:00:00,5.28
13829,23,2024-11-27T05:00:00,5.69
13830,23,2024-11-27T06:00:00,6.13
13831,23,2024-11-27T07:00:00,6.59
13832,23,2024-11-27T08:00:00,7.19
13833,23,2024-11-27T09:00:00,7.86
13834,23,2024-11-27T10:00:00,8.36
13835,23,2024-11-27T11:00:00,8.68
13836,23,2024-11-27T12:00:00,8.76
13837,23,2024-11-27T13:00:00,8.66
13838,23,2024-11-27T14:00:00,8.78
13839,23,2024-11-27T15:00:00,8.9
13840,23,2024-11-27T16:00:00,8.78
13841,23,2024-11-27T17:00:00,9.07
13842,23,2024-11-27T18:00:00,8.72
13843,23,2024-11-27T19:00:00,7.26
13844,23,2024-11-27T20:00:00,5.66
13845,23,2024-11-27T21:00:00,5.21
13846,23,2024-11-27T22:00:00,5.01
13847,23,2024-11-27T23:00:00,4.7
13848,23,2024-11-28T00:00:00,4.47
13849,23,2024-11-28T01:00:00,4.48
13850,23,2024-11-28T02:00:00,4.43
13851,23,2024-11-28T03:00:00,4.3
13852,23,2024-11-28T04:00:00,4.11
13853,23,2024-11-28T05:00:00,3.94
13854,23,2024-11-28T06:00:00,3.78
13855,23,2024-11-28T07:00:00,3.64
13856,23,2024-11-28T08:00:00,3.55
13857,23,2024-11-28T09:00:00,3.85
13858,23,2024-11-28T10:00:00,4.47
13859,23,2024-11-28T11:00:00,4.96
13860,23,2024-11-28T12:00:00,5.5
13861,23,2024-11-28T13:00:00,5.75
13862,23,2024-11-28T14:00:00,5.6
13863,23,2024-11-28T15:00:00,5.48
13864,23,2024-11-28T16:00:00,5.08
13865,23,2024-11-28T17:00:00,4.64
13866,23,2024-11-28T18:00:00,3.97
13867,23,2024-11-28T19:00:00,3.0
13868,23,2024-11-28T20:00:00,2.28
13869,23,2024-11-28T21:00:00,1.62
13870,23,2024-11-28T22:00:00,0.9
13871,23,2024-11-28T23:00:00,0.37
13872,23,2024-11-29T00:00:00,-0.04
13873,23,2024-11-29T01:00:00,-0.83
13874,23,2024-11-29T02:00:00,-1.12
13875,23,2024-11-29T03:00:00,-1.35
13876,23,2024-11-29T04:00:00,-1.7
13877,23,2024-11-29T05:00:00,-1.79
13878,23,2024-11-29T06:00:00,-1.33
13879,23,2024-11-29T07:00:00,-1.44
13880,23,2024-11-29T08:00:00,-0.99
13881,23,2024-11-29T09:00:00,-0.2
13882,23,2024-11-29T10:00:00,1.65
13883,23,2024-11-29T11:00:00,3.7
13884,23,2024-11-29T12:00:00,5.12
13885,23,2024-11-29T13:00:00,5.76
13886,23,2024-11-29T14:00:00,5.81
13887,23,2024-11-29T15:00:00,5.05
13888,23,2024-11-29T16:00:00,3.26
13889,23,2024-11-29T17:00:00,1.87
13890,23,2024-11-29T18:00:00,1.14
13891,23,2024-11-29T19:00:00,0.69
13892,23,2024-11-29T20:00:00,0.39
13893,23,2024-11-29T21:00:00,0.41
13894,23,2024-11-29T22:00:00,0.25
13895,23,2024-11-29T23:00:00,0.35
13896,23,2024-11-30T00:00:00,0.5
13897,23,2024-11-30T01:00:00,0.0
13898,23,2024-11-30T02:00:00,-0.05
13899,23,2024-11-30T03:00:00,-0.23
13900,23,2024-11-30T04:00:00,-0.55
13901,23,2024-11-30T05:00:00,-0.64
13902,23,2024-11-30T06:00:00,-0.98
13903,23,2024-11-30T07:00:00,-1.26
13904,23,2024-11-30T08:00:00,-0.84
13905,23,2024-11-30T09:00:00,0.44
13906,23,2024-11-30T10:00:00,2.22
13907,23,2024-11-30T11:00:00,4.2
13908,23,2024-11-30T12:00:00,5.48
13909,23,2024-11-30T13:00:00,6.61
13910,23,2024-11-30T14:00:00,7.09
13911,23,2024-11-30T15:00:00,6.32
13912,23,2024-11-30T16:00:00,4.09
13913,23,2024-11-30T17:00:00,2.45
13914,23,2024-11-30T18:00:00,1.56
13915,23,2024-11-30T19:00:00,0.81
13916,23,2024-11-30T20:00:00,0.78
13917,23,2024-11-30T21:00:00,0.31
13918,23,2024-11-30T22:00:00,0.21
13919,23,2024-11-30T23:00:00,-0.08
13920,23,2024-12-01T00:00:00,-0.31
13921,23,2024-12-01T01:00:00,-0.41
13922,23,2024-12-01T02:00:00,-0.82
13923,23,2024-12-01T03:00:00,-1.15
13924,23,2024-12-01T04:00:00,-0.96
13925,23,2024-12-01T05:00:00,-1.12
13926,23,2024-12-01T06:00:00,-1.03
13927,23,2024-12-01T07:00:00,-0.85
13928,23,2024-12-01T08:00:00,-0.85
13929,23,2024-12-01T09:00:00,0.77
13930,23,2024-12-01T10:00:00,2.89
13931,23,2024-12-01T11:00:00,4.98
13932,23,2024-12-01T12:00:00,6.3
13933,23,2024-12-01T13:00:00,6.68
13934,23,2024-12-01T14:00:00,6.18
13935,23,2024-12-01T15:00:00,5.15
13936,23,2024-12-01T16:00:00,4.35
13937,23,2024-12-01T17:00:00,4.24
13938,23,2024-12-01T18:00:00,3.96
13939,23,2024-12-01T19:00:00,4.11
13940,23,2024-12-01T20:00:00,4.21
13941,23,2024-12-01T21:00:00,4.35
13942,23,2024-12-01T22:00:00,4.37
13943,23,2024-12-01T23:00:00,4.75
13944,23,2024-12-02T00:00:00,5.23
13945,23,2024-12-02T01:00:00,5.66
13946,23,2024-12-02T02:00:00,6.08
13947,23,2024-12-02T03:00:00,6.22
13948,23,2024-12-02T04:00:00,6.69
13949,23,2024-12-02T05:00:00,6.75
13950,23,2024-12-02T06:00:00,6.91
13951,23,2024-12-02T07:00:00,7.24
13952,23,2024-12-02T08:00:00,7.33
13953,23,2024-12-02T09:00:00,7.59
13954,23,2024-12-02T10:00:00,7.93
13955,23,2024-12-02T11:00:00,8.6
13956,23,2024-12-02T12:00:00,9.15
13957,23,2024-12-02T13:00:00,9.06
13958,23,2024-12-02T14:00:00,8.74
13959,23,2024-12-02T15:00:00,8.33
13960,23,2024-12-02T16:00:00,7.61
13961,23,2024-12-02T17:00:00,6.9
13962,23,2024-12-02T18:00:00,6.43
13963,23,2024-12-02T19:00:00,6.31
13964,23,2024-12-02T20:00:00,6.02
13965,23,2024-12-02T21:00:00,5.7
13966,23,2024-12-02T22:00:00,5.59
13967,23,2024-12-02T23:00:00,5.4
13968,23,2024-12-03T00:00:00,5.28
13969,23,2024-12-03T01:00:00,5.02
13970,23,2024-12-03T02:00:00,4.83
13971,23,2024-12-03T03:00:00,4.67
13972,23,2024-12-03T04:00:00,4.73
13973,23,2024-12-03T05:00:00,4.76
13974,23,2024-12-03T06:00:00,4.69
13975,23,2024-12-03T07:00:00,4.18
13976,23,2024-12-03T08:00:00,3.81
13977,23,2024-12-03T09:00:00,3.89
13978,23,2024-12-03T10:00:00,4.24
13979,23,2024-12-03T11:00:00,4.41
13980,23,2024-12-03T12:00:00,4.75
13981,23,2024-12-03T13:00:00,4.89
13982,23,2024-12-03T14:00:00,4.88
13983,23,2024-12-03T15:00:00,4.34
13984,23,2024-12-03T16:00:00,3.38
13985,23,2024-12-03T17:00:00,2.88
13986,23,2024-12-03T18:00:00,2.57
13987,23,2024-12-03T19:00:00,1.93
13988,23,2024-12-03T20:00:00,1.32
13989,23,2024-12-03T21:00:00,1.06
13990,23,2024-12-03T22:00:00,1.31
13991,23,2024-12-03T23:00:00,1.4
13992,23,2024-12-04T00:00:00,1.19
13993,23,2024-12-04T01:00:00,1.18
13994,23,2024-12-04T02:00:00,0.87
13995,23,2024-12-04T03:00:00,0.51
13996,23,2024-12-04T04:00:00,0.34
13997,23,2024-12-04T05:00:00,0.75
13998,23,2024-12-04T06:00:00,0.61
13999,23,2024-12-04T07:00:00,0.87
14000,23,2024-12-04T08:00:00,0.79
14001,23,2024-12-04T09:00:00,1.03
14002,23,2024-12-04T10:00:00,1.64
14003,23,2024-12-04T11:00:00,2.23
14004,23,2024-12-04T12:00:00,2.51
14005,23,2024-12-04T13:00:00,2.82
14006,23,2024-12-04T14:00:00,3.02
14007,23,2024-12-04T15:00:00,3.05
14008,23,2024-12-04T16:00:00,2.85
14009,23,2024-12-04T17:00:00,2.56
14010,23,2024-12-04T18:00:00,2.55
14011,23,2024-12-04T19:00:00,2.47
14012,23,2024-12-04T20:00:00,2.42
14013,23,2024-12-04T21:00:00,2.28
14014,23,2024-12-04T22:00:00,2.2
14015,23,2024-12-04T23:00:00,2.19
14016,23,2024-12-05T00:00:00,2.07
14017,23,2024-12-05T01:00:00,2.13
14018,23,2024-12-05T02:00:00,2.35
14019,23,2024-12-05T03:00:00,2.59
14020,23,2024-12-05T04:00:00,2.61
14021,23,2024-12-05T05:00:00,2.53
14022,23,2024-12-05T06:00:00,2.48
14023,23,2024-12-05T07:00:00,2.45
14024,23,2024-12-05T08:00:00,2.47
14025,23,2024-12-05T09:00:00,2.69
14026,23,2024-12-05T10:00:00,2.64
14027,23,2024-12-05T11:00:00,2.79
14028,23,2024-12-05T12:00:00,2.58
14029,23,2024-12-05T13:00:00,2.59
14030,23,2024-12-05T14:00:00,2.79
14031,23,2024-12-05T15:00:00,3.0
14032,23,2024-12-05T16:00:00,3.25
14033,23,2024-12-05T17:00:00,3.6
14034,23,2024-12-05T18:00:00,4.04
14035,23,2024-12-05T19:00:00,4.54
14036,23,2024-12-05T20:00:00,4.84
14037,23,2024-12-05T21:00:00,5.32
14038,23,2024-12-05T22:00:00,5.78
14039,23,2024-12-05T23:00:00,6.14
14040,23,2024-12-06T00:00:00,6.9
14041,23,2024-12-06T01:00:00,7.55
14042,23,2024-12-06T02:00:00,7.36
14043,23,2024-12-06T03:00:00,6.16
14044,23,2024-12-06T04:00:00,5.2
14045,23,2024-12-06T05:00:00,5.14
14046,23,2024-12-06T06:00:00,5.13
14047,23,2024-12-06T07:00:00,5.02
14048,23,2024-12-06T08:00:00,5.02
14049,23,2024-12-06T09:00:00,5.02
14050,23,2024-12-06T10:00:00,5.16
14051,23,2024-12-06T11:00:00,5.53
14052,23,2024-12-06T12:00:00,5.61
14053,23,2024-12-06T13:00:00,5.71
14054,23,2024-12-06T14:00:00,5.73
14055,23,2024-12-06T15:00:00,5.41
14056,23,2024-12-06T16:00:00,5.12
14057,23,2024-12-06T17:00:00,4.78
14058,23,2024-12-06T18:00:00,4.27
14059,23,2024-12-06T19:00:00,3.68
14060,23,2024-12-06T20:00:00,3.39
14061,23,2024-12-06T21:00:00,3.02
14062,23,2024-12-06T22:00:00,3.21
14063,23,2024-12-06T23:00:00,3.4
14064,23,2024-12-07T00:00:00,3.91
14065,23,2024-12-07T01:00:00,4.27
14066,23,2024-12-07T02:00:00,4.44
14067,23,2024-12-07T03:00:00,4.82
14068,23,2024-12-07T04:00:00,5.08
14069,23,2024-12-07T05:00:00,5.24
14070,23,2024-12-07T06:00:00,5.37
14071,23,2024-12-07T07:00:00,5.59
14072,23,2024-12-07T08:00:00,5.91
14073,23,2024-12-07T09:00:00,6.44
14074,23,2024-12-07T10:00:00,6.91
14075,23,2024-12-07T11:00:00,7.35
14076,23,2024-12-07T12:00:00,7.53
14077,23,2024-12-07T13:00:00,7.16
14078,23,2024-12-07T14:00:00,6.46
14079,23,2024-12-07T15:00:00,5.91
14080,23,2024-12-07T16:00:00,5.07
14081,23,2024-12-07T17:00:00,4.7
14082,23,2024-12-07T18:00:00,4.61
14083,23,2024-12-07T19:00:00,4.38
14084,23,2024-12-07T20:00:00,4.14
14085,23,2024-12-07T21:00:00,3.95
14086,23,2024-12-07T22:00:00,3.78
14087,23,2024-12-07T23:00:00,3.63
14088,23,2024-12-08T00:00:00,3.43
14089,23,2024-12-08T01:00:00,3.31
14090,23,2024-12-08T02:00:00,3.65
14091,23,2024-12-08T03:00:00,4.02
14092,23,2024-12-08T04:00:00,4.19
14093,23,2024-12-08T05:00:00,4.17
14094,23,2024-12-08T06:00:00,4.2
14095,23,2024-12-08T07:00:00,4.27
14096,23,2024-12-08T08:00:00,4.26
14097,23,2024-12-08T09:00:00,4.34
14098,23,2024-12-08T10:00:00,4.63
14099,23,2024-12-08T11:00:00,4.84
14100,23,2024-12-08T12:00:00,4.9
14101,23,2024-12-08T13:00:00,5.03
14102,23,2024-12-08T14:00:00,5.0
14103,23,2024-12-08T15:00:00,4.78
14104,23,2024-12-08T16:00:00,4.65
14105,23,2024-12-08T17:00:00,4.39
14106,23,2024-12-08T18:00:00,4.3
14107,23,2024-12-08T19:00:00,4.26
14108,23,2024-12-08T20:00:00,3.62
14109,23,2024-12-08T21:00:00,3.0
14110,23,2024-12-08T22:00:00,2.79
14111,23,2024-12-08T23:00:00,2.82
14112,23,2024-12-09T00:00:00,2.95
14113,23,2024-12-09T01:00:00,3.21
14114,23,2024-12-09T02:00:00,3.4
14115,23,2024-12-09T03:00:00,3.24
14116,23,2024-12-09T04:00:00,2.77
14117,23,2024-12-09T05:00:00,2.4
14118,23,2024-12-09T06:00:00,2.05
14119,23,2024-12-09T07:00:00,1.96
14120,23,2024-12-09T08:00:00,2.07
14121,23,2024-12-09T09:00:00,2.33
14122,23,2024-12-09T10:00:00,2.37
14123,23,2024-12-09T11:00:00,2.63
14124,23,2024-12-09T12:00:00,2.68
14125,23,2024-12-09T13:00:00,2.59
14126,23,2024-12-09T14:00:00,2.63
14127,23,2024-12-09T15:00:00,2.88
14128,23,2024-12-09T16:00:00,2.88
14129,23,2024-12-09T17:00:00,2.81
14130,23,2024-12-09T18:00:00,2.6
14131,23,2024-12-09T19:00:00,2.34
14132,23,2024-12-09T20:00:00,2.06
14133,23,2024-12-09T21:00:00,2.0
14134,23,2024-12-09T22:00:00,2.19
14135,23,2024-12-09T23:00:00,2.36
14136,23,2024-12-10T00:00:00,2.51
14137,23,2024-12-10T01:00:00,2.57
14138,23,2024-12-10T02:00:00,2.75
14139,23,2024-12-10T03:00:00,2.93
14140,23,2024-12-10T04:00:00,2.94
14141,23,2024-12-10T05:00:00,2.75
14142,23,2024-12-10T06:00:00,2.83
14143,23,2024-12-10T07:00:00,2.92
14144,23,2024-12-10T08:00:00,2.96
14145,23,2024-12-10T09:00:00,2.98
14146,23,2024-12-10T10:00:00,3.09
14147,23,2024-12-10T11:00:00,3.21
14148,23,2024-12-10T12:00:00,3.25
14149,23,2024-12-10T13:00:00,3.31
14150,23,2024-12-10T14:00:00,3.3
14151,23,2024-12-10T15:00:00,3.15
14152,23,2024-12-10T16:00:00,2.92
14153,23,2024-12-10T17:00:00,2.77
14154,23,2024-12-10T18:00:00,2.68
14155,23,2024-12-10T19:00:00,2.66
14156,23,2024-12-10T20:00:00,2.65
14157,23,2024-12-10T21:00:00,2.6
14158,23,2024-12-10T22:00:00,2.5
14159,23,2024-12-10T23:00:00,2.41
14160,23,2024-12-11T00:00:00,2.39
14161,23,2024-12-11T01:00:00,2.33
14162,23,2024-12-11T02:00:00,2.26
14163,23,2024-12-11T03:00:00,2.15
14164,23,2024-12-11T04:00:00,2.0
14165,23,2024-12-11T05:00:00,1.89
14166,23,2024-12-11T06:00:00,1.84
14167,23,2024-12-11T07:00:00,1.73
14168,23,2024-12-11T08:00:00,1.62
14169,23,2024-12-11T09:00:00,1.57
14170,23,2024-12-11T10:00:00,1.61
14171,23,2024-12-11T11:00:00,1.73
14172,23,2024-12-11T12:00:00,1.74
14173,23,2024-12-11T13:00:00,1.68
14174,23,2024-12-11T14:00:00,1.69
14175,23,2024-12-11T15:00:00,1.58
14176,23,2024-12-11T16:00:00,1.37
14177,23,2024-12-11T17:00:00,1.16
14178,23,2024-12-11T18:00:00,0.96
14179,23,2024-12-11T19:00:00,0.77
14180,23,2024-12-11T20:00:00,0.54
14181,23,2024-12-11T21:00:00,0.36
14182,23,2024-12-11T22:00:00,0.18
14183,23,2024-12-11T23:00:00,0.03
14184,23,2024-12-12T00:00:00,-0.1
14185,23,2024-12-12T01:00:00,-0.36
14186,23,2024-12-12T02:00:00,-0.77
14187,23,2024-12-12T03:00:00,-0.82
14188,23,2024-12-12T04:00:00,-1.08
14189,23,2024-12-12T05:00:00,-1.2
14190,23,2024-12-12T06:00:00,-1.26
14191,23,2024-12-12T07:00:00,-1.38
14192,23,2024-12-12T08:00:00,-1.1
14193,23,2024-12-12T09:00:00,-1.22
14194,23,2024-12-12T10:00:00,-0.4
14195,23,2024-12-12T11:00:00,0.12
14196,23,2024-12-12T12:00:00,0.32
14197,23,2024-12-12T13:00:00,0.67
14198,23,2024-12-12T14:00:00,0.83
14199,23,2024-12-12T15:00:00,0.6
14200,23,2024-12-12T16:00:00,-0.03
14201,23,2024-12-12T17:00:00,-0.41
14202,23,2024-12-12T18:00:00,-0.86
14203,23,2024-12-12T19:00:00,-1.42
14204,23,2024-12-12T20:00:00,-1.79
14205,23,2024-12-12T21:00:00,-1.8
14206,23,2024-12-12T22:00:00,-1.82
14207,23,2024-12-12T23:00:00,-2.1
14208,23,2024-12-13T00:00:00,-2.06
14209,23,2024-12-13T01:00:00,-2.01
14210,23,2024-12-13T02:00:00,-2.04
14211,23,2024-12-13T03:00:00,-2.06
14212,23,2024-12-13T04:00:00,-2.32
14213,23,2024-12-13T05:00:00,-2.12
14214,23,2024-12-13T06:00:00,-1.95
14215,23,2024-12-13T07:00:00,-1.69
14216,23,2024-12-13T08:00:00,-1.51
14217,23,2024-12-13T09:00:00,-1.3
14218,23,2024-12-13T10:00:00,-1.09
14219,23,2024-12-13T11:00:00,-0.82
14220,23,2024-12-13T12:00:00,-0.47
14221,23,2024-12-13T13:00:00,-0.27
14222,23,2024-12-13T14:00:00,-0.27
14223,23,2024-12-13T15:00:00,-0.42
14224,23,2024-12-13T16:00:00,-0.91
14225,23,2024-12-13T17:00:00,-1.77
14226,23,2024-12-13T18:00:00,-2.29
14227,23,2024-12-13T19:00:00,-2.75
14228,23,2024-12-13T20:00:00,-2.78
14229,23,2024-12-13T21:00:00,-2.54
14230,23,2024-12-13T22:00:00,-2.26
14231,23,2024-12-13T23:00:00,-2.03
14232,23,2024-12-14T00:00:00,-1.44
14233,23,2024-12-14T01:00:00,-0.95
14234,23,2024-12-14T02:00:00,-0.78
14235,23,2024-12-14T03:00:00,-0.86
14236,23,2024-12-14T04:00:00,-1.17
14237,23,2024-12-14T05:00:00,-1.26
14238,23,2024-12-14T06:00:00,-1.35
14239,23,2024-12-14T07:00:00,-1.21
14240,23,2024-12-14T08:00:00,-1.23
14241,23,2024-12-14T09:00:00,-0.98
14242,23,2024-12-14T10:00:00,-0.56
14243,23,2024-12-14T11:00:00,-0.13
14244,23,2024-12-14T12:00:00,0.4
14245,23,2024-12-14T13:00:00,0.63
14246,23,2024-12-14T14:00:00,0.73
14247,23,2024-12-14T15:00:00,0.79
14248,23,2024-12-14T16:00:00,0.77
14249,23,2024-12-14T17:00:00,0.8
14250,23,2024-12-14T18:00:00,1.02
14251,23,2024-12-14T19:00:00,1.29
14252,23,2024-12-14T20:00:00,1.51
14253,23,2024-12-14T21:00:00,1.78
14254,23,2024-12-14T22:00:00,2.02
14255,23,2024-12-14T23:00:00,1.78
14256,23,2024-12-15T00:00:00,1.69
14257,23,2024-12-15T01:00:00,1.78
14258,23,2024-12-15T02:00:00,1.8
14259,23,2024-12-15T03:00:00,1.94
14260,23,2024-12-15T04:00:00,2.07
14261,23,2024-12-15T05:00:00,2.19
14262,23,2024-12-15T06:00:00,2.32
14263,23,2024-12-15T07:00:00,2.55
14264,23,2024-12-15T08:00:00,2.7
14265,23,2024-12-15T09:00:00,2.65
14266,23,2024-12-15T10:00:00,3.33
14267,23,2024-12-15T11:00:00,4.27
14268,23,2024-12-15T12:00:00,4.56
14269,23,2024-12-15T13:00:00,4.91
14270,23,2024-12-15T14:00:00,5.24
14271,23,2024-12-15T15:00:00,5.12
14272,23,2024-12-15T16:00:00,5.36
14273,23,2024-12-15T17:00:00,5.55
14274,23,2024-12-15T18:00:00,5.53
14275,23,2024-12-15T19:00:00,5.79
14276,23,2024-12-15T20:00:00,6.11
14277,23,2024-12-15T21:00:00,6.42
14278,23,2024-12-15T22:00:00,6.64
14279,23,2024-12-15T23:00:00,6.84
14280,23,2024-12-16T00:00:00,7.12
14281,23,2024-12-16T01:00:00,7.33
14282,23,2024-12-16T02:00:00,7.57
14283,23,2024-12-16T03:00:00,7.74
14284,23,2024-12-16T04:00:00,7.86
14285,23,2024-12-16T05:00:00,7.87
14286,23,2024-12-16T06:00:00,7.75
14287,23,2024-12-16T07:00:00,7.65
14288,23,2024-12-16T08:00:00,7.63
14289,23,2024-12-16T09:00:00,7.66
14290,23,2024-12-16T10:00:00,7.69
14291,23,2024-12-16T11:00:00,7.8
14292,23,2024-12-16T12:00:00,7.83
14293,23,2024-12-16T13:00:00,7.8
14294,23,2024-12-16T14:00:00,7.72
14295,23,2024-12-16T15:00:00,7.45
14296,23,2024-12-16T16:00:00,7.21
14297,23,2024-12-16T17:00:00,7.0
14298,23,2024-12-16T18:00:00,6.82
14299,23,2024-12-16T19:00:00,6.7
14300,23,2024-12-16T20:00:00,6.62
14301,23,2024-12-16T21:00:00,6.5
14302,23,2024-12-16T22:00:00,6.48
14303,23,2024-12-16T23:00:00,6.46
14304,23,2024-12-17T00:00:00,6.29
14305,23,2024-12-17T01:00:00,6.24
14306,23,2024-12-17T02:00:00,6.22
14307,23,2024-12-17T03:00:00,6.1
14308,23,2024-12-17T04:00:00,5.83
14309,23,2024-12-17T05:00:00,5.54
14310,23,2024-12-17T06:00:00,5.26
14311,23,2024-12-17T07:00:00,5.02
14312,23,2024-12-17T08:00:00,5.06
14313,23,2024-12-17T09:00:00,5.29
14314,23,2024-12-17T10:00:00,5.38
14315,23,2024-12-17T11:00:00,5.64
14316,23,2024-12-17T12:00:00,5.75
14317,23,2024-12-17T13:00:00,5.81
14318,23,2024-12-17T14:00:00,5.88
14319,23,2024-12-17T15:00:00,5.57
14320,23,2024-12-17T16:00:00,5.25
14321,23,2024-12-17T17:00:00,5.0
14322,23,2024-12-17T18:00:00,4.88
14323,23,2024-12-17T19:00:00,4.7
14324,23,2024-12-17T20:00:00,4.51
14325,23,2024-12-17T21:00:00,4.38
14326,23,2024-12-17T22:00:00,4.12
14327,23,2024-12-17T23:00:00,3.98
14328,23,2024-12-18T00:00:00,3.86
14329,23,2024-12-18T01:00:00,4.09
14330,23,2024-12-18T02:00:00,4.33
14331,23,2024-12-18T03:00:00,4.75
14332,23,2024-12-18T04:00:00,5.06
14333,23,2024-12-18T05:00:00,5.38
14334,23,2024-12-18T06:00:00,5.94
14335,23,2024-12-18T07:00:00,6.33
14336,23,2024-12-18T08:00:00,6.63
14337,23,2024-12-18T09:00:00,6.79
14338,23,2024-12-18T10:00:00,7.05
14339,23,2024-12-18T11:00:00,7.48
14340,23,2024-12-18T12:00:00,7.8
14341,23,2024-12-18T13:00:00,8.48
14342,23,2024-12-18T14:00:00,8.89
14343,23,2024-12-18T15:00:00,8.99
14344,23,2024-12-18T16:00:00,8.93
14345,23,2024-12-18T17:00:00,8.92
14346,23,2024-12-18T18:00:00,9.06
14347,23,2024-12-18T19:00:00,9.25
14348,23,2024-12-18T20:00:00,9.4
14349,23,2024-12-18T21:00:00,9.52
14350,23,2024-12-18T22:00:00,9.71
14351,23,2024-12-18T23:00:00,10.01
14352,23,2024-12-19T00:00:00,10.57
14353,23,2024-12-19T01:00:00,10.96
14354,23,2024-12-19T02:00:00,10.87
14355,23,2024-12-19T03:00:00,10.86
14356,23,2024-12-19T04:00:00,10.84
14357,23,2024-12-19T05:00:00,10.6
14358,23,2024-12-19T06:00:00,10.1
14359,23,2024-12-19T07:00:00,10.16
14360,23,2024-12-19T08:00:00,10.06
14361,23,2024-12-19T09:00:00,9.36
14362,23,2024-12-19T10:00:00,8.23
14363,23,2024-12-19T11:00:00,6.41
14364,23,2024-12-19T12:00:00,4.65
14365,23,2024-12-19T13:00:00,4.23
14366,23,2024-12-19T14:00:00,3.75
14367,23,2024-12-19T15:00:00,3.08
14368,23,2024-12-19T16:00:00,2.46
14369,23,2024-12-19T17:00:00,2.37
14370,23,2024-12-19T18:00:00,2.33
14371,23,2024-12-19T19:00:00,2.12
14372,23,2024-12-19T20:00:00,1.98
14373,23,2024-12-19T21:00:00,1.91
14374,23,2024-12-19T22:00:00,1.8
14375,23,2024-12-19T23:00:00,1.68
14376,23,2024-12-20T00:00:00,1.59
14377,23,2024-12-20T01:00:00,1.66
14378,23,2024-12-20T02:00:00,1.65
14379,23,2024-12-20T03:00:00,1.68
14380,23,2024-12-20T04:00:00,1.72
14381,23,2024-12-20T05:00:00,1.47
14382,23,2024-12-20T06:00:00,1.29
14383,23,2024-12-20T07:00:00,1.01
14384,23,2024-12-20T08:00:00,0.92
14385,23,2024-12-20T09:00:00,0.98
14386,23,2024-12-20T10:00:00,1.33
14387,23,2024-12-20T11:00:00,1.87
14388,23,2024-12-20T12:00:00,2.3
14389,23,2024-12-20T13:00:00,2.57
14390,23,2024-12-20T14:00:00,2.48
14391,23,2024-12-20T15:00:00,2.46
14392,23,2024-12-20T16:00:00,1.78
14393,23,2024-12-20T17:00:00,1.84
14394,23,2024-12-20T18:00:00,2.24
14395,23,2024-12-20T19:00:00,2.43
14396,23,2024-12-20T20:00:00,2.7
14397,23,2024-12-20T21:00:00,2.96
14398,23,2024-12-20T22:00:00,3.04
14399,23,2024-12-20T23:00:00,3.08
14400,23,2024-12-21T00:00:00,3.27
14401,23,2024-12-21T01:00:00,3.43
14402,23,2024-12-21T02:00:00,3.56
14403,23,2024-12-21T03:00:00,3.73
14404,23,2024-12-21T04:00:00,3.77
14405,23,2024-12-21T05:00:00,3.89
14406,23,2024-12-21T06:00:00,4.03
14407,23,2024-12-21T07:00:00,4.21
14408,23,2024-12-21T08:00:00,4.44
14409,23,2024-12-21T09:00:00,4.89
14410,23,2024-12-21T10:00:00,5.31
14411,23,2024-12-21T11:00:00,5.47
14412,23,2024-12-21T12:00:00,5.54
14413,23,2024-12-21T13:00:00,5.75
14414,23,2024-12-21T14:00:00,5.72
14415,23,2024-12-21T15:00:00,5.61
14416,23,2024-12-21T16:00:00,5.25
14417,23,2024-12-21T17:00:00,5.4
14418,23,2024-12-21T18:00:00,5.71
14419,23,2024-12-21T19:00:00,6.12
14420,23,2024-12-21T20:00:00,6.57
14421,23,2024-12-21T21:00:00,6.91
14422,23,2024-12-21T22:00:00,7.17
14423,23,2024-12-21T23:00:00,7.42
14424,23,2024-12-22T00:00:00,7.22
14425,23,2024-12-22T01:00:00,6.86
14426,23,2024-12-22T02:00:00,6.18
14427,23,2024-12-22T03:00:00,5.81
14428,23,2024-12-22T04:00:00,5.36
14429,23,2024-12-22T05:00:00,5.03
14430,23,2024-12-22T06:00:00,4.88
14431,23,2024-12-22T07:00:00,4.41
14432,23,2024-12-22T08:00:00,4.06
14433,23,2024-12-22T09:00:00,2.67
14434,23,2024-12-22T10:00:00,1.71
14435,23,2024-12-22T11:00:00,1.89
14436,23,2024-12-22T12:00:00,2.19
14437,23,2024-12-22T13:00:00,2.13
14438,23,2024-12-22T14:00:00,2.14
14439,23,2024-12-22T15:00:00,1.86
14440,23,2024-12-22T16:00:00,1.27
14441,23,2024-12-22T17:00:00,0.57
14442,23,2024-12-22T18:00:00,0.46
14443,23,2024-12-22T19:00:00,0.4
14444,23,2024-12-22T20:00:00,0.41
14445,23,2024-12-22T21:00:00,0.64
14446,23,2024-12-22T22:00:00,0.93
14447,23,2024-12-22T23:00:00,0.85
14448,23,2024-12-23T00:00:00,0.09
14449,23,2024-12-23T01:00:00,0.84
14450,23,2024-12-23T02:00:00,1.98
14451,23,2024-12-23T03:00:00,2.79
14452,23,2024-12-23T04:00:00,3.09
14453,23,2024-12-23T05:00:00,3.24
14454,23,2024-12-23T06:00:00,3.23
14455,23,2024-12-23T07:00:00,3.18
14456,23,2024-12-23T08:00:00,2.73
14457,23,2024-12-23T09:00:00,2.82
14458,23,2024-12-23T10:00:00,2.78
14459,23,2024-12-23T11:00:00,3.01
14460,23,2024-12-23T12:00:00,3.59
14461,23,2024-12-23T13:00:00,3.51
14462,23,2024-12-23T14:00:00,3.31
14463,23,2024-12-23T15:00:00,2.99
14464,23,2024-12-23T16:00:00,2.58
14465,23,2024-12-23T17:00:00,2.19
14466,23,2024-12-23T18:00:00,2.0
14467,23,2024-12-23T19:00:00,1.95
14468,23,2024-12-23T20:00:00,2.33
14469,23,2024-12-23T21:00:00,2.5
14470,23,2024-12-23T22:00:00,2.52
14471,23,2024-12-23T23:00:00,2.38
14472,23,2024-12-24T00:00:00,2.15
14473,23,2024-12-24T01:00:00,1.91
14474,23,2024-12-24T02:00:00,1.33
14475,23,2024-12-24T03:00:00,0.9
14476,23,2024-12-24T04:00:00,0.53
14477,23,2024-12-24T05:00:00,0.21
14478,23,2024-12-24T06:00:00,0.23
14479,23,2024-12-24T07:00:00,0.45
14480,23,2024-12-24T08:00:00,0.77
14481,23,2024-12-24T09:00:00,1.14
14482,23,2024-12-24T10:00:00,1.49
14483,23,2024-12-24T11:00:00,1.89
14484,23,2024-12-24T12:00:00,2.25
14485,23,2024-12-24T13:00:00,2.36
14486,23,2024-12-24T14:00:00,2.44
14487,23,2024-12-24T15:00:00,2.53
14488,23,2024-12-24T16:00:00,2.62
14489,23,2024-12-24T17:00:00,2.73
14490,23,2024-12-24T18:00:00,2.86
14491,23,2024-12-24T19:00:00,2.97
14492,23,2024-12-24T20:00:00,3.07
14493,23,2024-12-24T21:00:00,3.19
14494,23,2024-12-24T22:00:00,3.32
14495,23,2024-12-24T23:00:00,3.47
14496,23,2024-12-25T00:00:00,3.61
14497,23,2024-12-25T01:00:00,3.75
14498,23,2024-12-25T02:00:00,3.68
14499,23,2024-12-25T03:00:00,3.75
14500,23,2024-12-25T04:00:00,3.83
14501,23,2024-12-25T05:00:00,4.01
14502,23,2024-12-25T06:00:00,4.02
14503,23,2024-12-25T07:00:00,4.0
14504,23,2024-12-25T08:00:00,4.05
14505,23,2024-12-25T09:00:00,4.48
14506,23,2024-12-25T10:00:00,5.05
14507,23,2024-12-25T11:00:00,5.63
14508,23,2024-12-25T12:00:00,6.11
14509,23,2024-12-25T13:00:00,7.11
14510,23,2024-12-25T14:00:00,6.98
14511,23,2024-12-25T15:00:00,7.56
14512,23,2024-12-25T16:00:00,6.86
14513,23,2024-12-25T17:00:00,6.07
14514,23,2024-12-25T18:00:00,5.11
14515,23,2024-12-25T19:00:00,4.54
14516,23,2024-12-25T20:00:00,4.69
14517,23,2024-12-25T21:00:00,4.89
14518,23,2024-12-25T22:00:00,5.07
14519,23,2024-12-25T23:00:00,5.18
14520,23,2024-12-26T00:00:00,5.25
14521,23,2024-12-26T01:00:00,4.95
14522,23,2024-12-26T02:00:00,4.88
14523,23,2024-12-26T03:00:00,4.67
14524,23,2024-12-26T04:00:00,4.26
14525,23,2024-12-26T05:00:00,4.03
14526,23,2024-12-26T06:00:00,3.79
14527,23,2024-12-26T07:00:00,3.93
14528,23,2024-12-26T08:00:00,3.9
14529,23,2024-12-26T09:00:00,4.74
14530,23,2024-12-26T10:00:00,5.8
14531,23,2024-12-26T11:00:00,6.69
14532,23,2024-12-26T12:00:00,6.96
14533,23,2024-12-26T13:00:00,7.23
14534,23,2024-12-26T14:00:00,7.19
14535,23,2024-12-26T15:00:00,6.82
14536,23,2024-12-26T16:00:00,6.07
14537,23,2024-12-26T17:00:00,5.62
14538,23,2024-12-26T18:00:00,5.31
14539,23,2024-12-26T19:00:00,5.08
14540,23,2024-12-26T20:00:00,4.54
14541,23,2024-12-26T21:00:00,4.53
14542,23,2024-12-26T22:00:00,3.64
14543,23,2024-12-26T23:00:00,3.92
14544,23,2024-12-27T00:00:00,3.87
14545,23,2024-12-27T01:00:00,2.99
14546,23,2024-12-27T02:00:00,2.72
14547,23,2024-12-27T03:00:00,2.15
14548,23,2024-12-27T04:00:00,2.01
14549,23,2024-12-27T05:00:00,1.38
14550,23,2024-12-27T06:00:00,1.66
14551,23,2024-12-27T07:00:00,2.22
14552,23,2024-12-27T08:00:00,2.12
14553,23,2024-12-27T09:00:00,2.96
14554,23,2024-12-27T10:00:00,4.4
14555,23,2024-12-27T11:00:00,5.79
14556,23,2024-12-27T12:00:00,7.23
14557,23,2024-12-27T13:00:00,7.93
14558,23,2024-12-27T14:00:00,7.8
14559,23,2024-12-27T15:00:00,6.01
14560,23,2024-12-27T16:00:00,4.21
14561,23,2024-12-27T17:00:00,3.43
14562,23,2024-12-27T18:00:00,3.12
14563,23,2024-12-27T19:00:00,2.49
14564,23,2024-12-27T20:00:00,1.76
14565,23,2024-12-27T21:00:00,1.03
14566,23,2024-12-27T22:00:00,0.84
14567,23,2024-12-27T23:00:00,0.39
14568,23,2024-12-28T00:00:00,0.11
14569,23,2024-12-28T01:00:00,-0.02
14570,23,2024-12-28T02:00:00,0.03
14571,23,2024-12-28T03:00:00,0.57
14572,23,2024-12-28T04:00:00,0.9
14573,23,2024-12-28T05:00:00,0.49
14574,23,2024-12-28T06:00:00,0.22
14575,23,2024-12-28T07:00:00,0.17
14576,23,2024-12-28T08:00:00,-0.19
14577,23,2024-12-28T09:00:00,0.65
14578,23,2024-12-28T10:00:00,2.2
14579,23,2024-12-28T11:00:00,3.08
14580,23,2024-12-28T12:00:00,4.55
14581,23,2024-12-28T13:00:00,5.23
14582,23,2024-12-28T14:00:00,5.38
14583,23,2024-12-28T15:00:00,5.49
14584,23,2024-12-28T16:00:00,3.69
14585,23,2024-12-28T17:00:00,1.64
14586,23,2024-12-28T18:00:00,0.45
14587,23,2024-12-28T19:00:00,-0.06
14588,23,2024-12-28T20:00:00,-0.67
14589,23,2024-12-28T21:00:00,-1.15
14590,23,2024-12-28T22:00:00,-1.29
14591,23,2024-12-28T23:00:00,-1.51
14592,23,2024-12-29T00:00:00,-1.79
14593,23,2024-12-29T01:00:00,-1.88
14594,23,2024-12-29T02:00:00,-1.65
14595,23,2024-12-29T03:00:00,-1.75
14596,23,2024-12-29T04:00:00,-1.77
14597,23,2024-12-29T05:00:00,-2.2
14598,23,2024-12-29T06:00:00,-2.23
14599,23,2024-12-29T07:00:00,-2.56
14600,23,2024-12-29T08:00:00,-2.54
14601,23,2024-12-29T09:00:00,-2.37
14602,23,2024-12-29T10:00:00,-2.01
14603,23,2024-12-29T11:00:00,-1.6
14604,23,2024-12-29T12:00:00,-1.3
14605,23,2024-12-29T13:00:00,-1.11
14606,23,2024-12-29T14:00:00,-0.96
14607,23,2024-12-29T15:00:00,-0.79
14608,23,2024-12-29T16:00:00,-0.82
14609,23,2024-12-29T17:00:00,-0.9
14610,23,2024-12-29T18:00:00,-0.95
14611,23,2024-12-29T19:00:00,-1.17
14612,23,2024-12-29T20:00:00,-1.28
14613,23,2024-12-29T21:00:00,-1.42
14614,23,2024-12-29T22:00:00,-1.51
14615,23,2024-12-29T23:00:00,-1.57
14616,23,2024-12-30T00:00:00,-1.68
14617,23,2024-12-30T01:00:00,-1.73
14618,23,2024-12-30T02:00:00,-1.49
14619,23,2024-12-30T03:00:00,-1.32
14620,23,2024-12-30T04:00:00,-1.21
14621,23,2024-12-30T05:00:00,-1.07
14622,23,2024-12-30T06:00:00,-0.86
14623,23,2024-12-30T07:00:00,-0.58
14624,23,2024-12-30T08:00:00,-0.39
14625,23,2024-12-30T09:00:00,-0.16
14626,23,2024-12-30T10:00:00,-0.01
14627,23,2024-12-30T11:00:00,0.11
14628,23,2024-12-30T12:00:00,0.37
14629,23,2024-12-30T13:00:00,0.54
14630,23,2024-12-30T14:00:00,0.63
14631,23,2024-12-30T15:00:00,0.58
14632,23,2024-12-30T16:00:00,0.18
14633,23,2024-12-30T17:00:00,-0.15
14634,23,2024-12-30T18:00:00,-0.51
14635,23,2024-12-30T19:00:00,-0.78
14636,23,2024-12-30T20:00:00,-1.07
14637,23,2024-12-30T21:00:00,-1.47
14638,23,2024-12-30T22:00:00,-1.75
14639,23,2024-12-30T23:00:00,-1.96
14640,23,2024-12-31T00:00:00,-2.26
14641,23,2024-12-31T01:00:00,-2.32
14642,23,2024-12-31T02:00:00,-2.61
14643,23,2024-12-31T03:00:00,-2.24
14644,23,2024-12-31T04:00:00,-2.5
14645,23,2024-12-31T05:00:00,-2.67
14646,23,2024-12-31T06:00:00,-2.71
14647,23,2024-12-31T07:00:00,-2.46
14648,23,2024-12-31T08:00:00,-2.34
14649,23,2024-12-31T09:00:00,-2.2
14650,23,2024-12-31T10:00:00,-1.97
14651,23,2024-12-31T11:00:00,-1.53
14652,23,2024-12-31T12:00:00,-1.13
14653,23,2024-12-31T13:00:00,-0.82
14654,23,2024-12-31T14:00:00,-0.61
14655,23,2024-12-31T15:00:00,-0.48
14656,23,2024-12-31T16:00:00,-0.52
14657,23,2024-12-31T17:00:00,-0.36
14658,23,2024-12-31T18:00:00,-0.01
14659,23,2024-12-31T19:00:00,0.15
14660,23,2024-12-31T20:00:00,0.52
14661,23,2024-12-31T21:00:00,0.64
14662,23,2024-12-31T22:00:00,0.94
14663,23,2024-12-31T23:00:00,1.29
14664,23,2025-01-01T00:00:00,1.74
14665,23,2025-01-01T01:00:00,1.91
14666,23,2025-01-01T02:00:00,1.99
14667,23,2025-01-01T03:00:00,2.17
14668,23,2025-01-01T04:00:00,2.4
14669,23,2025-01-01T05:00:00,2.55
14670,23,2025-01-01T06:00:00,2.5
14671,23,2025-01-01T07:00:00,2.31
14672,23,2025-01-01T08:00:00,2.41
14673,23,2025-01-01T09:00:00,2.43
14674,23,2025-01-01T10:00:00,2.66
14675,23,2025-01-01T11:00:00,2.88
14676,23,2025-01-01T12:00:00,2.96
14677,23,2025-01-01T13:00:00,2.91
14678,23,2025-01-01T14:00:00,3.12
14679,23,2025-01-01T15:00:00,3.39
14680,23,2025-01-01T16:00:00,3.72
14681,23,2025-01-01T17:00:00,4.04
14682,23,2025-01-01T18:00:00,4.47
14683,23,2025-01-01T19:00:00,4.75
14684,23,2025-01-01T20:00:00,5.0
14685,23,2025-01-01T21:00:00,5.21
14686,23,2025-01-01T22:00:00,4.73
14687,23,2025-01-01T23:00:00,4.52
14688,23,2025-01-02T00:00:00,4.24
14689,23,2025-01-02T01:00:00,2.84
14690,23,2025-01-02T02:00:00,2.28
14691,23,2025-01-02T03:00:00,1.74
14692,23,2025-01-02T04:00:00,1.27
14693,23,2025-01-02T05:00:00,0.86
14694,23,2025-01-02T06:00:00,0.45
14695,23,2025-01-02T07:00:00,0.29
14696,23,2025-01-02T08:00:00,0.21
14697,23,2025-01-02T09:00:00,0.31
14698,23,2025-01-02T10:00:00,0.59
14699,23,2025-01-02T11:00:00,0.98
14700,23,2025-01-02T12:00:00,1.13
14701,23,2025-01-02T13:00:00,1.51
14702,23,2025-01-02T14:00:00,1.69
14703,23,2025-01-02T15:00:00,1.66
14704,23,2025-01-02T16:00:00,1.34
14705,23,2025-01-02T17:00:00,1.16
14706,23,2025-01-02T18:00:00,0.86
14707,23,2025-01-02T19:00:00,0.32
14708,23,2025-01-02T20:00:00,0.27
14709,23,2025-01-02T21:00:00,0.09
14710,23,2025-01-02T22:00:00,-0.01
14711,23,2025-01-02T23:00:00,-0.18
14712,23,2025-01-03T00:00:00,-0.18
14713,23,2025-01-03T01:00:00,-0.22
14714,23,2025-01-03T02:00:00,-0.34
14715,23,2025-01-03T03:00:00,-0.55
14716,23,2025-01-03T04:00:00,-1.02
14717,23,2025-01-03T05:00:00,-1.3
14718,23,2025-01-03T06:00:00,-1.47
14719,23,2025-01-03T07:00:00,-1.58
14720,23,2025-01-03T08:00:00,-1.52
14721,23,2025-01-03T09:00:00,-1.6
14722,23,2025-01-03T10:00:00,-1.35
14723,23,2025-01-03T11:00:00,-0.99
14724,23,2025-01-03T12:00:00,-0.71
14725,23,2025-01-03T13:00:00,-0.53
14726,23,2025-01-03T14:00:00,-0.51
14727,23,2025-01-03T15:00:00,-0.5
14728,23,2025-01-03T16:00:00,-0.52
14729,23,2025-01-03T17:00:00,-0.71
14730,23,2025-01-03T18:00:00,-0.88
14731,23,2025-01-03T19:00:00,-0.78
14732,23,2025-01-03T20:00:00,-0.65
14733,23,2025-01-03T21:00:00,-0.59
14734,23,2025-01-03T22:00:00,-0.54
14735,23,2025-01-03T23:00:00,-0.59
14736,23,2025-01-04T00:00:00,-0.76
14737,23,2025-01-04T01:00:00,-0.65
14738,23,2025-01-04T02:00:00,-0.59
14739,23,2025-01-04T03:00:00,-0.63
14740,23,2025-01-04T04:00:00,-0.67
14741,23,2025-01-04T05:00:00,-0.83
14742,23,2025-01-04T06:00:00,-0.96
14743,23,2025-01-04T07:00:00,-1.13
14744,23,2025-01-04T08:00:00,-1.2
14745,23,2025-01-04T09:00:00,-1.25
14746,23,2025-01-04T10:00:00,-0.9
14747,23,2025-01-04T11:00:00,-0.48
14748,23,2025-01-04T12:00:00,-0.13
14749,23,2025-01-04T13:00:00,0.12
14750,23,2025-01-04T14:00:00,0.17
14751,23,2025-01-04T15:00:00,-0.09
14752,23,2025-01-04T16:00:00,-0.64
14753,23,2025-01-04T17:00:00,-1.07
14754,23,2025-01-04T18:00:00,-1.35
14755,23,2025-01-04T19:00:00,-1.44
14756,23,2025-01-04T20:00:00,-1.44
14757,23,2025-01-04T21:00:00,-1.54
14758,23,2025-01-04T22:00:00,-1.57
14759,23,2025-01-04T23:00:00,-1.4
14760,23,2025-01-05T00:00:00,-1.52
14761,23,2025-01-05T01:00:00,-1.61
14762,23,2025-01-05T02:00:00,-1.49
14763,23,2025-01-05T03:00:00,-1.12
14764,23,2025-01-05T04:00:00,-0.68
14765,23,2025-01-05T05:00:00,-0.36
14766,23,2025-01-05T06:00:00,0.39
14767,23,2025-01-05T07:00:00,0.99
14768,23,2025-01-05T08:00:00,1.81
14769,23,2025-01-05T09:00:00,2.52
14770,23,2025-01-05T10:00:00,3.86
14771,23,2025-01-05T11:00:00,6.42
14772,23,2025-01-05T12:00:00,7.7
14773,23,2025-01-05T13:00:00,8.54
14774,23,2025-01-05T14:00:00,8.9
14775,23,2025-01-05T15:00:00,9.13
14776,23,2025-01-05T16:00:00,9.11
14777,23,2025-01-05T17:00:00,9.01
14778,23,2025-01-05T18:00:00,8.8
14779,23,2025-01-05T19:00:00,8.79
14780,23,2025-01-05T20:00:00,8.76
14781,23,2025-01-05T21:00:00,8.76
14782,23,2025-01-05T22:00:00,8.72
14783,23,2025-01-05T23:00:00,8.64
14784,23,2025-01-06T00:00:00,8.66
14785,23,2025-01-06T01:00:00,8.6
14786,23,2025-01-06T02:00:00,8.49
14787,23,2025-01-06T03:00:00,8.39
14788,23,2025-01-06T04:00:00,8.36
14789,23,2025-01-06T05:00:00,8.31
14790,23,2025-01-06T06:00:00,8.32
14791,23,2025-01-06T07:00:00,8.41
14792,23,2025-01-06T08:00:00,8.41
14793,23,2025-01-06T09:00:00,8.25
14794,23,2025-01-06T10:00:00,8.5
14795,23,2025-01-06T11:00:00,8.94
14796,23,2025-01-06T12:00:00,9.21
14797,23,2025-01-06T13:00:00,9.21
14798,23,2025-01-06T14:00:00,8.17
14799,23,2025-01-06T15:00:00,6.41
14800,23,2025-01-06T16:00:00,5.63
14801,23,2025-01-06T17:00:00,4.65
14802,23,2025-01-06T18:00:00,4.32
14803,23,2025-01-06T19:00:00,3.92
14804,23,2025-01-06T20:00:00,3.48
14805,23,2025-01-06T21:00:00,3.29
14806,23,2025-01-06T22:00:00,3.29
14807,23,2025-01-06T23:00:00,3.13
14808,23,2025-01-07T00:00:00,2.69
14809,23,2025-01-07T01:00:00,2.22
14810,23,2025-01-07T02:00:00,2.01
14811,23,2025-01-07T03:00:00,1.93
14812,23,2025-01-07T04:00:00,1.6
14813,23,2025-01-07T05:00:00,1.4
14814,23,2025-01-07T06:00:00,1.31
14815,23,2025-01-07T07:00:00,1.42
14816,23,2025-01-07T08:00:00,0.87
14817,23,2025-01-07T09:00:00,0.69
14818,23,2025-01-07T10:00:00,0.9
14819,23,2025-01-07T11:00:00,0.97
14820,23,2025-01-07T12:00:00,1.18
14821,23,2025-01-07T13:00:00,1.72
14822,23,2025-01-07T14:00:00,1.97
14823,23,2025-01-07T15:00:00,1.78
14824,23,2025-01-07T16:00:00,1.78
14825,23,2025-01-07T17:00:00,1.85
14826,23,2025-01-07T18:00:00,1.86
14827,23,2025-01-07T19:00:00,2.03
14828,23,2025-01-07T20:00:00,1.93
14829,23,2025-01-07T21:00:00,1.96
14830,23,2025-01-07T22:00:00,1.92
14831,23,2025-01-07T23:00:00,1.68
14832,23,2025-01-08T00:00:00,1.62
14833,23,2025-01-08T01:00:00,1.52
14834,23,2025-01-08T02:00:00,1.26
14835,23,2025-01-08T03:00:00,1.03
14836,23,2025-01-08T04:00:00,0.71
14837,23,2025-01-08T05:00:00,0.31
14838,23,2025-01-08T06:00:00,0.1
14839,23,2025-01-08T07:00:00,-0.18
14840,23,2025-01-08T08:00:00,-0.29
14841,23,2025-01-08T09:00:00,-0.08
14842,23,2025-01-08T10:00:00,0.59
14843,23,2025-01-08T11:00:00,1.12
14844,23,2025-01-08T12:00:00,1.58
14845,23,2025-01-08T13:00:00,1.91
14846,23,2025-01-08T14:00:00,1.96
14847,23,2025-01-08T15:00:00,1.37
14848,23,2025-01-08T16:00:00,0.88
14849,23,2025-01-08T17:00:00,0.67
14850,23,2025-01-08T18:00:00,-0.04
14851,23,2025-01-08T19:00:00,-0.18
14852,23,2025-01-08T20:00:00,0.76
14853,23,2025-01-08T21:00:00,1.41
14854,23,2025-01-08T22:00:00,1.88
14855,23,2025-01-08T23:00:00,2.2
14856,23,2025-01-09T00:00:00,2.31
14857,23,2025-01-09T01:00:00,2.3
14858,23,2025-01-09T02:00:00,2.3
14859,23,2025-01-09T03:00:00,2.25
14860,23,2025-01-09T04:00:00,1.73
14861,23,2025-01-09T05:00:00,1.1
14862,23,2025-01-09T06:00:00,1.01
14863,23,2025-01-09T07:00:00,0.73
14864,23,2025-01-09T08:00:00,0.15
14865,23,2025-01-09T09:00:00,-0.36
14866,23,2025-01-09T10:00:00,-0.96
14867,23,2025-01-09T11:00:00,-1.19
14868,23,2025-01-09T12:00:00,-1.22
14869,23,2025-01-09T13:00:00,-0.98
14870,23,2025-01-09T14:00:00,-0.87
14871,23,2025-01-09T15:00:00,-0.88
14872,23,2025-01-09T16:00:00,-0.7
14873,23,2025-01-09T17:00:00,-0.56
14874,23,2025-01-09T18:00:00,-0.46
14875,23,2025-01-09T19:00:00,-0.62
14876,23,2025-01-09T20:00:00,-0.95
14877,23,2025-01-09T21:00:00,-0.99
14878,23,2025-01-09T22:00:00,-1.05
14879,23,2025-01-09T23:00:00,-1.06
14880,23,2025-01-10T00:00:00,-1.32
14881,23,2025-01-10T01:00:00,-1.4
14882,23,2025-01-10T02:00:00,-1.48
14883,23,2025-01-10T03:00:00,-1.48
14884,23,2025-01-10T04:00:00,-1.62
14885,23,2025-01-10T05:00:00,-1.73
14886,23,2025-01-10T06:00:00,-1.71
14887,23,2025-01-10T07:00:00,-1.93
14888,23,2025-01-10T08:00:00,-1.95
14889,23,2025-01-10T09:00:00,-1.92
14890,23,2025-01-10T10:00:00,-1.66
14891,23,2025-01-10T11:00:00,-0.97
14892,23,2025-01-10T12:00:00,-0.33
14893,23,2025-01-10T13:00:00,-0.07
14894,23,2025-01-10T14:00:00,0.2
14895,23,2025-01-10T15:00:00,-0.01
14896,23,2025-01-10T16:00:00,-0.84
14897,23,2025-01-10T17:00:00,-1.66
14898,23,2025-01-10T18:00:00,-2.19
14899,23,2025-01-10T19:00:00,-2.11
14900,23,2025-01-10T20:00:00,-2.14
14901,23,2025-01-10T21:00:00,-2.11
14902,23,2025-01-10T22:00:00,-2.12
14903,23,2025-01-10T23:00:00,-2.22
14904,23,2025-01-11T00:00:00,-2.19
14905,23,2025-01-11T01:00:00,-2.09
14906,23,2025-01-11T02:00:00,-2.02
14907,23,2025-01-11T03:00:00,-2.04
14908,23,2025-01-11T04:00:00,-2.15
14909,23,2025-01-11T05:00:00,-2.13
14910,23,2025-01-11T06:00:00,-2.22
14911,23,2025-01-11T07:00:00,-2.25
14912,23,2025-01-11T08:00:00,-2.24
14913,23,2025-01-11T09:00:00,-2.06
14914,23,2025-01-11T10:00:00,-1.78
14915,23,2025-01-11T11:00:00,-1.36
14916,23,2025-01-11T12:00:00,-1.09
14917,23,2025-01-11T13:00:00,-1.24
14918,23,2025-01-11T14:00:00,-1.49
14919,23,2025-01-11T15:00:00,-1.6
14920,23,2025-01-11T16:00:00,-1.67
14921,23,2025-01-11T17:00:00,-1.62
14922,23,2025-01-11T18:00:00,-1.56
14923,23,2025-01-11T19:00:00,-1.44
14924,23,2025-01-11T20:00:00,-1.5
14925,23,2025-01-11T21:00:00,-1.52
14926,23,2025-01-11T22:00:00,-1.47
14927,23,2025-01-11T23:00:00,-1.45
14928,23,2025-01-12T00:00:00,-1.39
14929,23,2025-01-12T01:00:00,-1.41
14930,23,2025-01-12T02:00:00,-1.36
14931,23,2025-01-12T03:00:00,-1.31
14932,23,2025-01-12T04:00:00,-1.3
14933,23,2025-01-12T05:00:00,-1.39
14934,23,2025-01-12T06:00:00,-1.54
14935,23,2025-01-12T07:00:00,-1.62
14936,23,2025-01-12T08:00:00,-1.66
14937,23,2025-01-12T09:00:00,-1.63
14938,23,2025-01-12T10:00:00,-1.2
14939,23,2025-01-12T11:00:00,-0.71
14940,23,2025-01-12T12:00:00,-0.16
14941,23,2025-01-12T13:00:00,0.16
14942,23,2025-01-12T14:00:00,0.31
14943,23,2025-01-12T15:00:00,0.36
14944,23,2025-01-12T16:00:00,0.16
14945,23,2025-01-12T17:00:00,-0.15
14946,23,2025-01-12T18:00:00,-0.42
14947,23,2025-01-12T19:00:00,-0.52
14948,23,2025-01-12T20:00:00,-0.52
14949,23,2025-01-12T21:00:00,-0.55
14950,23,2025-01-12T22:00:00,-0.21
14951,23,2025-01-12T23:00:00,-0.21
14952,23,2025-01-13T00:00:00,-0.69
14953,23,2025-01-13T01:00:00,-1.27
14954,23,2025-01-13T02:00:00,-1.92
14955,23,2025-01-13T03:00:00,-2.26
14956,23,2025-01-13T04:00:00,-2.7
14957,23,2025-01-13T05:00:00,-3.07
14958,23,2025-01-13T06:00:00,-3.48
14959,23,2025-01-13T07:00:00,-4.05
14960,23,2025-01-13T08:00:00,-4.31
14961,23,2025-01-13T09:00:00,-3.73
14962,23,2025-01-13T10:00:00,-2.02
14963,23,2025-01-13T11:00:00,-1.1
14964,23,2025-01-13T12:00:00,-0.08
14965,23,2025-01-13T13:00:00,1.11
14966,23,2025-01-13T14:00:00,1.26
14967,23,2025-01-13T15:00:00,1.23
14968,23,2025-01-13T16:00:00,-0.09
14969,23,2025-01-13T17:00:00,-2.09
14970,23,2025-01-13T18:00:00,-3.49
14971,23,2025-01-13T19:00:00,-4.24
14972,23,2025-01-13T20:00:00,-4.57
14973,23,2025-01-13T21:00:00,-4.67
14974,23,2025-01-13T22:00:00,-5.02
14975,23,2025-01-13T23:00:00,-5.07
14976,23,2025-01-14T00:00:00,-5.32
14977,23,2025-01-14T01:00:00,-5.3
14978,23,2025-01-14T02:00:00,-5.68
14979,23,2025-01-14T03:00:00,-5.67
14980,23,2025-01-14T04:00:00,-5.22
14981,23,2025-01-14T05:00:00,-5.51
14982,23,2025-01-14T06:00:00,-5.39
14983,23,2025-01-14T07:00:00,-5.03
14984,23,2025-01-14T08:00:00,-5.44
14985,23,2025-01-14T09:00:00,-3.53
14986,23,2025-01-14T10:00:00,-1.96
14987,23,2025-01-14T11:00:00,-0.01
14988,23,2025-01-14T12:00:00,1.84
14989,23,2025-01-14T13:00:00,2.43
14990,23,2025-01-14T14:00:00,2.83
14991,23,2025-01-14T15:00:00,2.84
14992,23,2025-01-14T16:00:00,1.87
14993,23,2025-01-14T17:00:00,1.06
14994,23,2025-01-14T18:00:00,1.25
14995,23,2025-01-14T19:00:00,1.41
14996,23,2025-01-14T20:00:00,1.53
14997,23,2025-01-14T21:00:00,1.58
14998,23,2025-01-14T22:00:00,1.12
14999,23,2025-01-14T23:00:00,0.66
15000,23,2025-01-15T00:00:00,0.76
15001,23,2025-01-15T01:00:00,0.51
15002,23,2025-01-15T02:00:00,0.5
15003,23,2025-01-15T03:00:00,0.74
15004,23,2025-01-15T04:00:00,1.15
15005,23,2025-01-15T05:00:00,1.23
15006,23,2025-01-15T06:00:00,1.59
15007,23,2025-01-15T07:00:00,1.58
15008,23,2025-01-15T08:00:00,1.45
15009,23,2025-01-15T09:00:00,1.82
15010,23,2025-01-15T10:00:00,2.34
15011,23,2025-01-15T11:00:00,3.07
15012,23,2025-01-15T12:00:00,3.33
15013,23,2025-01-15T13:00:00,3.42
15014,23,2025-01-15T14:00:00,3.57
15015,23,2025-01-15T15:00:00,3.32
15016,23,2025-01-15T16:00:00,3.0
15017,23,2025-01-15T17:00:00,2.72
15018,23,2025-01-15T18:00:00,2.58
15019,23,2025-01-15T19:00:00,2.44
15020,23,2025-01-15T20:00:00,2.09
15021,23,2025-01-15T21:00:00,1.5
15022,23,2025-01-15T22:00:00,1.49
15023,23,2025-01-15T23:00:00,1.44
15024,23,2025-01-16T00:00:00,1.39
15025,23,2025-01-16T01:00:00,1.23
15026,23,2025-01-16T02:00:00,1.51
15027,23,2025-01-16T03:00:00,1.87
15028,23,2025-01-16T04:00:00,1.54
15029,23,2025-01-16T05:00:00,1.18
15030,23,2025-01-16T06:00:00,0.88
15031,23,2025-01-16T07:00:00,0.33
15032,23,2025-01-16T08:00:00,-0.2
15033,23,2025-01-16T09:00:00,0.05
15034,23,2025-01-16T10:00:00,1.01
15035,23,2025-01-16T11:00:00,1.48
15036,23,2025-01-16T12:00:00,1.78
15037,23,2025-01-16T13:00:00,1.76
15038,23,2025-01-16T14:00:00,2.5
15039,23,2025-01-16T15:00:00,3.09
15040,23,2025-01-16T16:00:00,2.28
15041,23,2025-01-16T17:00:00,1.44
15042,23,2025-01-16T18:00:00,0.69
15043,23,2025-01-16T19:00:00,0.42
15044,23,2025-01-16T20:00:00,0.15
15045,23,2025-01-16T21:00:00,-0.06
15046,23,2025-01-16T22:00:00,-0.11
15047,23,2025-01-16T23:00:00,-0.32
15048,23,2025-01-17T00:00:00,-0.7
15049,23,2025-01-17T01:00:00,-1.01
15050,23,2025-01-17T02:00:00,-1.16
15051,23,2025-01-17T03:00:00,-1.37
15052,23,2025-01-17T04:00:00,-1.16
15053,23,2025-01-17T05:00:00,-1.74
15054,23,2025-01-17T06:00:00,-1.46
15055,23,2025-01-17T07:00:00,-1.92
15056,23,2025-01-17T08:00:00,-1.95
15057,23,2025-01-17T09:00:00,-0.58
15058,23,2025-01-17T10:00:00,0.84
15059,23,2025-01-17T11:00:00,2.05
15060,23,2025-01-17T12:00:00,2.85
15061,23,2025-01-17T13:00:00,2.91
15062,23,2025-01-17T14:00:00,3.04
15063,23,2025-01-17T15:00:00,2.59
15064,23,2025-01-17T16:00:00,1.64
15065,23,2025-01-17T17:00:00,0.76
15066,23,2025-01-17T18:00:00,0.49
15067,23,2025-01-17T19:00:00,0.33
15068,23,2025-01-17T20:00:00,0.19
15069,23,2025-01-17T21:00:00,-0.28
15070,23,2025-01-17T22:00:00,0.4
15071,23,2025-01-17T23:00:00,0.79
15072,23,2025-01-18T00:00:00,0.79
15073,23,2025-01-18T01:00:00,0.52
15074,23,2025-01-18T02:00:00,0.63
15075,23,2025-01-18T03:00:00,0.8
15076,23,2025-01-18T04:00:00,0.38
15077,23,2025-01-18T05:00:00,0.47
15078,23,2025-01-18T06:00:00,0.86
15079,23,2025-01-18T07:00:00,0.27
15080,23,2025-01-18T08:00:00,0.21
15081,23,2025-01-18T09:00:00,0.38
15082,23,2025-01-18T10:00:00,0.88
15083,23,2025-01-18T11:00:00,1.57
15084,23,2025-01-18T12:00:00,1.28
15085,23,2025-01-18T13:00:00,0.35
15086,23,2025-01-18T14:00:00,-0.18
15087,23,2025-01-18T15:00:00,-0.67
15088,23,2025-01-18T16:00:00,-0.57
15089,23,2025-01-18T17:00:00,-0.89
15090,23,2025-01-18T18:00:00,-0.98
15091,23,2025-01-18T19:00:00,-1.63
15092,23,2025-01-18T20:00:00,-1.67
15093,23,2025-01-18T21:00:00,-2.05
15094,23,2025-01-18T22:00:00,-1.98
15095,23,2025-01-18T23:00:00,-1.87
15096,23,2025-01-19T00:00:00,-1.96
15097,23,2025-01-19T01:00:00,-1.89
15098,23,2025-01-19T02:00:00,-2.55
15099,23,2025-01-19T03:00:00,-2.68
15100,23,2025-01-19T04:00:00,-2.89
15101,23,2025-01-19T05:00:00,-3.0
15102,23,2025-01-19T06:00:00,-2.92
15103,23,2025-01-19T07:00:00,-2.65
15104,23,2025-01-19T08:00:00,-2.37
15105,23,2025-01-19T09:00:00,-1.12
15106,23,2025-01-19T10:00:00,0.31
15107,23,2025-01-19T11:00:00,2.0
15108,23,2025-01-19T12:00:00,2.61
15109,23,2025-01-19T13:00:00,3.09
15110,23,2025-01-19T14:00:00,2.79
15111,23,2025-01-19T15:00:00,2.32
15112,23,2025-01-19T16:00:00,1.6
15113,23,2025-01-19T17:00:00,-0.21
15114,23,2025-01-19T18:00:00,-1.54
15115,23,2025-01-19T19:00:00,-2.15
15116,23,2025-01-19T20:00:00,-2.13
15117,23,2025-01-19T21:00:00,-2.3
15118,23,2025-01-19T22:00:00,-2.39
15119,23,2025-01-19T23:00:00,-2.44
15120,23,2025-01-20T00:00:00,-2.81
15121,23,2025-01-20T01:00:00,-2.97
15122,23,2025-01-20T02:00:00,-2.78
15123,23,2025-01-20T03:00:00,-2.59
15124,23,2025-01-20T04:00:00,-2.56
15125,23,2025-01-20T05:00:00,-2.49
15126,23,2025-01-20T06:00:00,-2.38
15127,23,2025-01-20T07:00:00,-2.76
15128,23,2025-01-20T08:00:00,-3.01
15129,23,2025-01-20T09:00:00,-2.49
15130,23,2025-01-20T10:00:00,-1.25
15131,23,2025-01-20T11:00:00,-0.36
15132,23,2025-01-20T12:00:00,0.13
15133,23,2025-01-20T13:00:00,1.58
15134,23,2025-01-20T14:00:00,1.55
15135,23,2025-01-20T15:00:00,1.18
15136,23,2025-01-20T16:00:00,0.53
15137,23,2025-01-20T17:00:00,-0.43
15138,23,2025-01-20T18:00:00,-0.69
15139,23,2025-01-20T19:00:00,-0.87
15140,23,2025-01-20T20:00:00,-0.67
15141,23,2025-01-20T21:00:00,-0.93
15142,23,2025-01-20T22:00:00,-1.09
15143,23,2025-01-20T23:00:00,-1.13
15144,23,2025-01-21T00:00:00,-1.13
15145,23,2025-01-21T01:00:00,-1.34
15146,23,2025-01-21T02:00:00,-1.68
15147,23,2025-01-21T03:00:00,-1.68
15148,23,2025-01-21T04:00:00,-1.74
15149,23,2025-01-21T05:00:00,-1.48
15150,23,2025-01-21T06:00:00,-1.17
15151,23,2025-01-21T07:00:00,-1.1
15152,23,2025-01-21T08:00:00,-1.39
15153,23,2025-01-21T09:00:00,-0.23
15154,23,2025-01-21T10:00:00,1.36
15155,23,2025-01-21T11:00:00,2.65
15156,23,2025-01-21T12:00:00,3.59
15157,23,2025-01-21T13:00:00,4.53
15158,23,2025-01-21T14:00:00,5.2
15159,23,2025-01-21T15:00:00,4.93
15160,23,2025-01-21T16:00:00,4.0
15161,23,2025-01-21T17:00:00,2.96
15162,23,2025-01-21T18:00:00,2.18
15163,23,2025-01-21T19:00:00,1.07
15164,23,2025-01-21T20:00:00,0.37
15165,23,2025-01-21T21:00:00,-0.06
15166,23,2025-01-21T22:00:00,-0.21
15167,23,2025-01-21T23:00:00,-0.23
15168,23,2025-01-22T00:00:00,-0.19
15169,23,2025-01-22T01:00:00,0.32
15170,23,2025-01-22T02:00:00,0.98
15171,23,2025-01-22T03:00:00,1.49
15172,23,2025-01-22T04:00:00,1.44
15173,23,2025-01-22T05:00:00,1.61
15174,23,2025-01-22T06:00:00,2.23
15175,23,2025-01-22T07:00:00,2.31
15176,23,2025-01-22T08:00:00,2.67
15177,23,2025-01-22T09:00:00,2.47
15178,23,2025-01-22T10:00:00,2.41
15179,23,2025-01-22T11:00:00,2.95
15180,23,2025-01-22T12:00:00,3.13
15181,23,2025-01-22T13:00:00,3.58
15182,23,2025-01-22T14:00:00,3.59
15183,23,2025-01-22T15:00:00,3.57
15184,23,2025-01-22T16:00:00,3.63
15185,23,2025-01-22T17:00:00,3.79
15186,23,2025-01-22T18:00:00,3.91
15187,23,2025-01-22T19:00:00,3.91
15188,23,2025-01-22T20:00:00,4.2
15189,23,2025-01-22T21:00:00,4.24
15190,23,2025-01-22T22:00:00,4.28
15191,23,2025-01-22T23:00:00,4.21
15192,23,2025-01-23T00:00:00,4.06
15193,23,2025-01-23T01:00:00,3.48
15194,23,2025-01-23T02:00:00,2.61
15195,23,2025-01-23T03:00:00,1.99
15196,23,2025-01-23T04:00:00,1.89
15197,23,2025-01-23T05:00:00,2.12
15198,23,2025-01-23T06:00:00,2.37
15199,23,2025-01-23T07:00:00,2.19
15200,23,2025-01-23T08:00:00,1.95
15201,23,2025-01-23T09:00:00,1.76
15202,23,2025-01-23T10:00:00,1.79
15203,23,2025-01-23T11:00:00,2.08
15204,23,2025-01-23T12:00:00,2.42
15205,23,2025-01-23T13:00:00,2.85
15206,23,2025-01-23T14:00:00,2.78
15207,23,2025-01-23T15:00:00,2.84
15208,23,2025-01-23T16:00:00,2.82
15209,23,2025-01-23T17:00:00,2.63
15210,23,2025-01-23T18:00:00,2.71
15211,23,2025-01-23T19:00:00,2.95
15212,23,2025-01-23T20:00:00,3.15
15213,23,2025-01-23T21:00:00,3.44
15214,23,2025-01-23T22:00:00,3.67
15215,23,2025-01-23T23:00:00,3.96
15216,23,2025-01-24T00:00:00,4.19
15217,23,2025-01-24T01:00:00,4.41
15218,23,2025-01-24T02:00:00,4.48
15219,23,2025-01-24T03:00:00,4.5
15220,23,2025-01-24T04:00:00,4.56
15221,23,2025-01-24T05:00:00,4.99
15222,23,2025-01-24T06:00:00,5.14
15223,23,2025-01-24T07:00:00,4.86
15224,23,2025-01-24T08:00:00,4.61
15225,23,2025-01-24T09:00:00,4.62
15226,23,2025-01-24T10:00:00,4.63
15227,23,2025-01-24T11:00:00,5.15
15228,23,2025-01-24T12:00:00,5.46
15229,23,2025-01-24T13:00:00,5.64
15230,23,2025-01-24T14:00:00,5.87
15231,23,2025-01-24T15:00:00,5.98
15232,23,2025-01-24T16:00:00,6.2
15233,23,2025-01-24T17:00:00,6.48
15234,23,2025-01-24T18:00:00,6.78
15235,23,2025-01-24T19:00:00,6.99
15236,23,2025-01-24T20:00:00,7.03
15237,23,2025-01-24T21:00:00,6.97
15238,23,2025-01-24T22:00:00,7.06
15239,23,2025-01-24T23:00:00,7.18
15240,23,2025-01-25T00:00:00,7.39
15241,23,2025-01-25T01:00:00,7.47
15242,23,2025-01-25T02:00:00,7.42
15243,23,2025-01-25T03:00:00,8.31
15244,23,2025-01-25T04:00:00,8.48
15245,23,2025-01-25T05:00:00,8.6
15246,23,2025-01-25T06:00:00,8.29
15247,23,2025-01-25T07:00:00,8.13
15248,23,2025-01-25T08:00:00,7.96
15249,23,2025-01-25T09:00:00,7.47
15250,23,2025-01-25T10:00:00,7.15
15251,23,2025-01-25T11:00:00,7.06
15252,23,2025-01-25T12:00:00,6.65
15253,23,2025-01-25T13:00:00,6.3
15254,23,2025-01-25T14:00:00,6.26
15255,23,2025-01-25T15:00:00,6.41
15256,23,2025-01-25T16:00:00,6.28
15257,23,2025-01-25T17:00:00,5.91
15258,23,2025-01-25T18:00:00,5.53
15259,23,2025-01-25T19:00:00,5.41
15260,23,2025-01-25T20:00:00,5.06
15261,23,2025-01-25T21:00:00,4.99
15262,23,2025-01-25T22:00:00,4.61
15263,23,2025-01-25T23:00:00,4.38
15264,23,2025-01-26T00:00:00,4.3
15265,23,2025-01-26T01:00:00,4.16
15266,23,2025-01-26T02:00:00,4.02
15267,23,2025-01-26T03:00:00,4.05
15268,23,2025-01-26T04:00:00,3.48
15269,23,2025-01-26T05:00:00,2.73
15270,23,2025-01-26T06:00:00,1.5
15271,23,2025-01-26T07:00:00,0.62
15272,23,2025-01-26T08:00:00,0.31
15273,23,2025-01-26T09:00:00,0.4
15274,23,2025-01-26T10:00:00,0.74
15275,23,2025-01-26T11:00:00,1.28
15276,23,2025-01-26T12:00:00,1.52
15277,23,2025-01-26T13:00:00,1.63
15278,23,2025-01-26T14:00:00,1.73
15279,23,2025-01-26T15:00:00,1.74
15280,23,2025-01-26T16:00:00,1.66
15281,23,2025-01-26T17:00:00,1.75
15282,23,2025-01-26T18:00:00,2.16
15283,23,2025-01-26T19:00:00,2.81
15284,23,2025-01-26T20:00:00,3.7
15285,23,2025-01-26T21:00:00,4.75
15286,23,2025-01-26T22:00:00,5.74
15287,23,2025-01-26T23:00:00,6.3
15288,23,2025-01-27T00:00:00,6.61
15289,23,2025-01-27T01:00:00,6.61
15290,23,2025-01-27T02:00:00,6.61
15291,23,2025-01-27T03:00:00,7.17
15292,23,2025-01-27T04:00:00,7.92
15293,23,2025-01-27T05:00:00,8.91
15294,23,2025-01-27T06:00:00,9.06
15295,23,2025-01-27T07:00:00,8.77
15296,23,2025-01-27T08:00:00,8.41
15297,23,2025-01-27T09:00:00,8.0
15298,23,2025-01-27T10:00:00,8.2
15299,23,2025-01-27T11:00:00,8.47
15300,23,2025-01-27T12:00:00,8.71
15301,23,2025-01-27T13:00:00,8.68
15302,23,2025-01-27T14:00:00,8.6
15303,23,2025-01-27T15:00:00,8.11
15304,23,2025-01-27T16:00:00,7.7
15305,23,2025-01-27T17:00:00,6.96
15306,23,2025-01-27T18:00:00,6.65
15307,23,2025-01-27T19:00:00,6.04
15308,23,2025-01-27T20:00:00,5.59
15309,23,2025-01-27T21:00:00,5.64
15310,23,2025-01-27T22:00:00,5.41
15311,23,2025-01-27T23:00:00,5.42
15312,23,2025-01-28T00:00:00,5.53
15313,23,2025-01-28T01:00:00,5.44
15314,23,2025-01-28T02:00:00,5.37
15315,23,2025-01-28T03:00:00,5.16
15316,23,2025-01-28T04:00:00,5.05
15317,23,2025-01-28T05:00:00,5.08
15318,23,2025-01-28T06:00:00,4.98
15319,23,2025-01-28T07:00:00,5.04
15320,23,2025-01-28T08:00:00,5.09
15321,23,2025-01-28T09:00:00,5.37
15322,23,2025-01-28T10:00:00,5.65
15323,23,2025-01-28T11:00:00,5.83
15324,23,2025-01-28T12:00:00,5.87
15325,23,2025-01-28T13:00:00,5.81
15326,23,2025-01-28T14:00:00,5.82
15327,23,2025-01-28T15:00:00,6.05
15328,23,2025-01-28T16:00:00,5.92
15329,23,2025-01-28T17:00:00,5.83
15330,23,2025-01-28T18:00:00,5.69
15331,23,2025-01-28T19:00:00,5.61
15332,23,2025-01-28T20:00:00,5.67
15333,23,2025-01-28T21:00:00,5.61
15334,23,2025-01-28T22:00:00,5.63
15335,23,2025-01-28T23:00:00,5.63
15336,23,2025-01-29T00:00:00,5.52
15337,23,2025-01-29T01:00:00,5.46
15338,23,2025-01-29T02:00:00,5.56
15339,23,2025-01-29T03:00:00,5.51
15340,23,2025-01-29T04:00:00,5.26
15341,23,2025-01-29T05:00:00,4.81
15342,23,2025-01-29T06:00:00,4.38
15343,23,2025-01-29T07:00:00,4.23
15344,23,2025-01-29T08:00:00,4.1
15345,23,2025-01-29T09:00:00,4.49
15346,23,2025-01-29T10:00:00,4.89
15347,23,2025-01-29T11:00:00,5.35
15348,23,2025-01-29T12:00:00,5.54
15349,23,2025-01-29T13:00:00,5.7
15350,23,2025-01-29T14:00:00,5.95
15351,23,2025-01-29T15:00:00,5.95
15352,23,2025-01-29T16:00:00,5.48
15353,23,2025-01-29T17:00:00,4.92
15354,23,2025-01-29T18:00:00,4.91
15355,23,2025-01-29T19:00:00,4.9
15356,23,2025-01-29T20:00:00,4.77
15357,23,2025-01-29T21:00:00,4.59
15358,23,2025-01-29T22:00:00,4.52
15359,23,2025-01-29T23:00:00,4.58
15360,23,2025-01-30T00:00:00,4.63
15361,23,2025-01-30T01:00:00,4.7
15362,23,2025-01-30T02:00:00,4.61
15363,23,2025-01-30T03:00:00,4.43
15364,23,2025-01-30T04:00:00,4.35
15365,23,2025-01-30T05:00:00,4.36
15366,23,2025-01-30T06:00:00,4.37
15367,23,2025-01-30T07:00:00,4.42
15368,23,2025-01-30T08:00:00,4.42
15369,23,2025-01-30T09:00:00,4.63
15370,23,2025-01-30T10:00:00,4.88
15371,23,2025-01-30T11:00:00,5.09
15372,23,2025-01-30T12:00:00,5.11
15373,23,2025-01-30T13:00:00,5.17
15374,23,2025-01-30T14:00:00,4.44
15375,23,2025-01-30T15:00:00,2.9
15376,23,2025-01-30T16:00:00,2.54
15377,23,2025-01-30T17:00:00,2.48
15378,23,2025-01-30T18:00:00,2.13
15379,23,2025-01-30T19:00:00,2.0
15380,23,2025-01-30T20:00:00,1.85
15381,23,2025-01-30T21:00:00,1.68
15382,23,2025-01-30T22:00:00,1.35
15383,23,2025-01-30T23:00:00,0.96
15384,23,2025-01-31T00:00:00,0.6
15385,23,2025-01-31T01:00:00,0.25
15386,23,2025-01-31T02:00:00,0.16
15387,23,2025-01-31T03:00:00,-0.04
15388,23,2025-01-31T04:00:00,-0.19
15389,23,2025-01-31T05:00:00,-0.52
15390,23,2025-01-31T06:00:00,-0.72
15391,23,2025-01-31T07:00:00,-0.89
15392,23,2025-01-31T08:00:00,-0.76
15393,23,2025-01-31T09:00:00,-0.07
15394,23,2025-01-31T10:00:00,0.96
15395,23,2025-01-31T11:00:00,2.53
15396,23,2025-01-31T12:00:00,2.8
15397,23,2025-01-31T13:00:00,3.23
15398,23,2025-01-31T14:00:00,3.69
15399,23,2025-01-31T15:00:00,3.62
15400,23,2025-01-31T16:00:00,3.27
15401,23,2025-01-31T17:00:00,2.37
15402,23,2025-01-31T18:00:00,1.33
15403,23,2025-01-31T19:00:00,0.69
15404,23,2025-01-31T20:00:00,0.06
15405,23,2025-01-31T21:00:00,-0.74
15406,23,2025-01-31T22:00:00,-1.24
15407,23,2025-01-31T23:00:00,-1.29
15408,23,2025-02-01T00:00:00,-1.46
15409,23,2025-02-01T01:00:00,-1.84
15410,23,2025-02-01T02:00:00,-2.02
15411,23,2025-02-01T03:00:00,-2.06
15412,23,2025-02-01T04:00:00,-2.45
15413,23,2025-02-01T05:00:00,-2.2
15414,23,2025-02-01T06:00:00,-2.23
15415,23,2025-02-01T07:00:00,-2.27
15416,23,2025-02-01T08:00:00,-2.4
15417,23,2025-02-01T09:00:00,-1.38
15418,23,2025-02-01T10:00:00,0.0
15419,23,2025-02-01T11:00:00,1.2
15420,23,2025-02-01T12:00:00,2.5
15421,23,2025-02-01T13:00:00,3.48
15422,23,2025-02-01T14:00:00,3.9
15423,23,2025-02-01T15:00:00,3.9
15424,23,2025-02-01T16:00:00,3.15
15425,23,2025-02-01T17:00:00,1.6
15426,23,2025-02-01T18:00:00,0.49
15427,23,2025-02-01T19:00:00,-0.29
15428,23,2025-02-01T20:00:00,-1.05
15429,23,2025-02-01T21:00:00,-1.67
15430,23,2025-02-01T22:00:00,-2.03
15431,23,2025-02-01T23:00:00,-2.32
15432,23,2025-02-02T00:00:00,-2.93
15433,23,2025-02-02T01:00:00,-3.05
15434,23,2025-02-02T02:00:00,-3.25
15435,23,2025-02-02T03:00:00,-3.69
15436,23,2025-02-02T04:00:00,-4.03
15437,23,2025-02-02T05:00:00,-4.29
15438,23,2025-02-02T06:00:00,-4.33
15439,23,2025-02-02T07:00:00,-4.21
15440,23,2025-02-02T08:00:00,-4.12
15441,23,2025-02-02T09:00:00,-1.45
15442,23,2025-02-02T10:00:00,1.12
15443,23,2025-02-02T11:00:00,2.42
15444,23,2025-02-02T12:00:00,3.75
15445,23,2025-02-02T13:00:00,4.97
15446,23,2025-02-02T14:00:00,5.72
15447,23,2025-02-02T15:00:00,6.07
15448,23,2025-02-02T16:00:00,5.44
15449,23,2025-02-02T17:00:00,2.91
15450,23,2025-02-02T18:00:00,0.94
15451,23,2025-02-02T19:00:00,-0.02
15452,23,2025-02-02T20:00:00,-0.93
15453,23,2025-02-02T21:00:00,-1.61
15454,23,2025-02-02T22:00:00,-2.16
15455,23,2025-02-02T23:00:00,-2.38
15456,23,2025-02-03T00:00:00,-2.83
15457,23,2025-02-03T01:00:00,-3.06
15458,23,2025-02-03T02:00:00,-3.15
15459,23,2025-02-03T03:00:00,-3.3
15460,23,2025-02-03T04:00:00,-3.54
15461,23,2025-02-03T05:00:00,-3.66
15462,23,2025-02-03T06:00:00,-3.55
15463,23,2025-02-03T07:00:00,-3.83
15464,23,2025-02-03T08:00:00,-3.34
15465,23,2025-02-03T09:00:00,-1.25
15466,23,2025-02-03T10:00:00,1.42
15467,23,2025-02-03T11:00:00,3.33
15468,23,2025-02-03T12:00:00,4.19
15469,23,2025-02-03T13:00:00,5.21
15470,23,2025-02-03T14:00:00,5.86
15471,23,2025-02-03T15:00:00,6.25
15472,23,2025-02-03T16:00:00,5.39
15473,23,2025-02-03T17:00:00,3.45
15474,23,2025-02-03T18:00:00,1.22
15475,23,2025-02-03T19:00:00,-0.11
15476,23,2025-02-03T20:00:00,-0.74
15477,23,2025-02-03T21:00:00,-1.22
15478,23,2025-02-03T22:00:00,-2.04
15479,23,2025-02-03T23:00:00,-2.27
15480,23,2025-02-04T00:00:00,-2.36
15481,23,2025-02-04T01:00:00,-2.57
15482,23,2025-02-04T02:00:00,-2.37
15483,23,2025-02-04T03:00:00,-2.77
15484,23,2025-02-04T04:00:00,-3.14
15485,23,2025-02-04T05:00:00,-3.43
15486,23,2025-02-04T06:00:00,-3.52
15487,23,2025-02-04T07:00:00,-3.72
15488,23,2025-02-04T08:00:00,-3.63
15489,23,2025-02-04T09:00:00,-2.57
15490,23,2025-02-04T10:00:00,-1.75
15491,23,2025-02-04T11:00:00,-0.65
15492,23,2025-02-04T12:00:00,0.58
15493,23,2025-02-04T13:00:00,1.3
15494,23,2025-02-04T14:00:00,2.1
15495,23,2025-02-04T15:00:00,2.38
15496,23,2025-02-04T16:00:00,2.07
15497,23,2025-02-04T17:00:00,0.47
15498,23,2025-02-04T18:00:00,-0.8
15499,23,2025-02-04T19:00:00,-1.01
15500,23,2025-02-04T20:00:00,-1.98
15501,23,2025-02-04T21:00:00,-2.1
15502,23,2025-02-04T22:00:00,-2.01
15503,23,2025-02-04T23:00:00,-2.11
15504,23,2025-02-05T00:00:00,-1.58
15505,23,2025-02-05T01:00:00,-0.79
15506,23,2025-02-05T02:00:00,-0.42
15507,23,2025-02-05T03:00:00,0.14
15508,23,2025-02-05T04:00:00,0.36
15509,23,2025-02-05T05:00:00,0.68
15510,23,2025-02-05T06:00:00,0.93
15511,23,2025-02-05T07:00:00,1.07
15512,23,2025-02-05T08:00:00,1.21
15513,23,2025-02-05T09:00:00,1.39
15514,23,2025-02-05T10:00:00,1.83
15515,23,2025-02-05T11:00:00,2.33
15516,23,2025-02-05T12:00:00,3.08
15517,23,2025-02-05T13:00:00,3.89
15518,23,2025-02-05T14:00:00,4.1
15519,23,2025-02-05T15:00:00,3.56
15520,23,2025-02-05T16:00:00,2.69
15521,23,2025-02-05T17:00:00,2.11
15522,23,2025-02-05T18:00:00,1.75
15523,23,2025-02-05T19:00:00,1.63
15524,23,2025-02-05T20:00:00,1.44
15525,23,2025-02-05T21:00:00,1.23
15526,23,2025-02-05T22:00:00,1.14
15527,23,2025-02-05T23:00:00,0.99
15528,23,2025-02-06T00:00:00,0.87
15529,23,2025-02-06T01:00:00,0.79
15530,23,2025-02-06T02:00:00,0.69
15531,23,2025-02-06T03:00:00,0.63
15532,23,2025-02-06T04:00:00,0.73
15533,23,2025-02-06T05:00:00,0.86
15534,23,2025-02-06T06:00:00,1.0
15535,23,2025-02-06T07:00:00,1.14
15536,23,2025-02-06T08:00:00,1.2
15537,23,2025-02-06T09:00:00,1.26
15538,23,2025-02-06T10:00:00,1.45
15539,23,2025-02-06T11:00:00,1.8
15540,23,2025-02-06T12:00:00,2.1
15541,23,2025-02-06T13:00:00,2.48
15542,23,2025-02-06T14:00:00,2.71
15543,23,2025-02-06T15:00:00,2.7
15544,23,2025-02-06T16:00:00,2.6
15545,23,2025-02-06T17:00:00,2.37
15546,23,2025-02-06T18:00:00,2.09
15547,23,2025-02-06T19:00:00,1.89
15548,23,2025-02-06T20:00:00,1.68
15549,23,2025-02-06T21:00:00,1.38
15550,23,2025-02-06T22:00:00,1.19
15551,23,2025-02-06T23:00:00,1.09
15552,23,2025-02-07T00:00:00,1.09
15553,23,2025-02-07T01:00:00,0.97
15554,23,2025-02-07T02:00:00,0.91
15555,23,2025-02-07T03:00:00,0.87
15556,23,2025-02-07T04:00:00,0.76
15557,23,2025-02-07T05:00:00,0.73
15558,23,2025-02-07T06:00:00,0.82
15559,23,2025-02-07T07:00:00,0.98
15560,23,2025-02-07T08:00:00,1.21
15561,23,2025-02-07T09:00:00,1.29
15562,23,2025-02-07T10:00:00,1.43
15563,23,2025-02-07T11:00:00,1.61
15564,23,2025-02-07T12:00:00,1.8
15565,23,2025-02-07T13:00:00,2.18
15566,23,2025-02-07T14:00:00,2.42
15567,23,2025-02-07T15:00:00,2.48
15568,23,2025-02-07T16:00:00,2.31
15569,23,2025-02-07T17:00:00,1.93
15570,23,2025-02-07T18:00:00,1.63
15571,23,2025-02-07T19:00:00,1.47
15572,23,2025-02-07T20:00:00,1.44
15573,23,2025-02-07T21:00:00,1.56
15574,23,2025-02-07T22:00:00,1.49
15575,23,2025-02-07T23:00:00,1.18
15576,23,2025-02-08T00:00:00,1.22
15577,23,2025-02-08T01:00:00,1.28
15578,23,2025-02-08T02:00:00,1.89
15579,23,2025-02-08T03:00:00,2.44
15580,23,2025-02-08T04:00:00,3.15
15581,23,2025-02-08T05:00:00,3.08
15582,23,2025-02-08T06:00:00,3.46
15583,23,2025-02-08T07:00:00,3.57
15584,23,2025-02-08T08:00:00,3.54
15585,23,2025-02-08T09:00:00,4.16
15586,23,2025-02-08T10:00:00,5.49
15587,23,2025-02-08T11:00:00,7.53
15588,23,2025-02-08T12:00:00,9.22
15589,23,2025-02-08T13:00:00,9.4
15590,23,2025-02-08T14:00:00,9.58
15591,23,2025-02-08T15:00:00,9.23
15592,23,2025-02-08T16:00:00,8.32
15593,23,2025-02-08T17:00:00,7.0
15594,23,2025-02-08T18:00:00,6.03
15595,23,2025-02-08T19:00:00,5.25
15596,23,2025-02-08T20:00:00,4.95
15597,23,2025-02-08T21:00:00,4.0
15598,23,2025-02-08T22:00:00,3.2
15599,23,2025-02-08T23:00:00,2.51
15600,23,2025-02-09T00:00:00,1.94
15601,23,2025-02-09T01:00:00,1.36
15602,23,2025-02-09T02:00:00,1.2
15603,23,2025-02-09T03:00:00,2.22
15604,23,2025-02-09T04:00:00,2.34
15605,23,2025-02-09T05:00:00,2.17
15606,23,2025-02-09T06:00:00,1.99
15607,23,2025-02-09T07:00:00,1.63
15608,23,2025-02-09T08:00:00,1.4
15609,23,2025-02-09T09:00:00,1.94
15610,23,2025-02-09T10:00:00,2.49
15611,23,2025-02-09T11:00:00,3.37
15612,23,2025-02-09T12:00:00,4.11
15613,23,2025-02-09T13:00:00,4.47
15614,23,2025-02-09T14:00:00,4.54
15615,23,2025-02-09T15:00:00,4.69
15616,23,2025-02-09T16:00:00,4.48
15617,23,2025-02-09T17:00:00,4.07
15618,23,2025-02-09T18:00:00,3.7
15619,23,2025-02-09T19:00:00,3.45
15620,23,2025-02-09T20:00:00,3.24
15621,23,2025-02-09T21:00:00,2.94
15622,23,2025-02-09T22:00:00,2.67
15623,23,2025-02-09T23:00:00,2.19
15624,23,2025-02-10T00:00:00,1.71
15625,23,2025-02-10T01:00:00,1.72
15626,23,2025-02-10T02:00:00,1.54
15627,23,2025-02-10T03:00:00,1.48
15628,23,2025-02-10T04:00:00,1.1
15629,23,2025-02-10T05:00:00,0.84
15630,23,2025-02-10T06:00:00,0.69
15631,23,2025-02-10T07:00:00,0.51
15632,23,2025-02-10T08:00:00,0.57
15633,23,2025-02-10T09:00:00,1.0
15634,23,2025-02-10T10:00:00,1.81
15635,23,2025-02-10T11:00:00,2.35
15636,23,2025-02-10T12:00:00,2.58
15637,23,2025-02-10T13:00:00,2.69
15638,23,2025-02-10T14:00:00,2.87
15639,23,2025-02-10T15:00:00,2.84
15640,23,2025-02-10T16:00:00,2.89
15641,23,2025-02-10T17:00:00,3.01
15642,23,2025-02-10T18:00:00,3.08
15643,23,2025-02-10T19:00:00,3.06
15644,23,2025-02-10T20:00:00,3.16
15645,23,2025-02-10T21:00:00,3.18
15646,23,2025-02-10T22:00:00,3.03
15647,23,2025-02-10T23:00:00,2.98
15648,23,2025-02-11T00:00:00,3.18
15649,23,2025-02-11T01:00:00,2.68
15650,23,2025-02-11T02:00:00,2.28
15651,23,2025-02-11T03:00:00,1.89
15652,23,2025-02-11T04:00:00,1.45
15653,23,2025-02-11T05:00:00,1.19
15654,23,2025-02-11T06:00:00,1.24
15655,23,2025-02-11T07:00:00,1.21
15656,23,2025-02-11T08:00:00,1.28
15657,23,2025-02-11T09:00:00,1.47
15658,23,2025-02-11T10:00:00,1.54
15659,23,2025-02-11T11:00:00,1.79
15660,23,2025-02-11T12:00:00,1.99
15661,23,2025-02-11T13:00:00,2.06
15662,23,2025-02-11T14:00:00,2.03
15663,23,2025-02-11T15:00:00,2.0
15664,23,2025-02-11T16:00:00,1.81
15665,23,2025-02-11T17:00:00,1.61
15666,23,2025-02-11T18:00:00,1.39
15667,23,2025-02-11T19:00:00,1.28
15668,23,2025-02-11T20:00:00,1.19
15669,23,2025-02-11T21:00:00,1.03
15670,23,2025-02-11T22:00:00,0.84
15671,23,2025-02-11T23:00:00,0.72
15672,23,2025-02-12T00:00:00,0.63
15673,23,2025-02-12T01:00:00,0.52
15674,23,2025-02-12T02:00:00,0.48
15675,23,2025-02-12T03:00:00,0.35
15676,23,2025-02-12T04:00:00,0.28
15677,23,2025-02-12T05:00:00,0.25
15678,23,2025-02-12T06:00:00,-0.21
15679,23,2025-02-12T07:00:00,-0.69
15680,23,2025-02-12T08:00:00,-0.41
15681,23,2025-02-12T09:00:00,1.15
15682,23,2025-02-12T10:00:00,1.6
15683,23,2025-02-12T11:00:00,2.18
15684,23,2025-02-12T12:00:00,2.19
15685,23,2025-02-12T13:00:00,2.24
15686,23,2025-02-12T14:00:00,2.33
15687,23,2025-02-12T15:00:00,2.44
15688,23,2025-02-12T16:00:00,2.35
15689,23,2025-02-12T17:00:00,2.11
15690,23,2025-02-12T18:00:00,1.69
15691,23,2025-02-12T19:00:00,1.51
15692,23,2025-02-12T20:00:00,1.37
15693,23,2025-02-12T21:00:00,1.16
15694,23,2025-02-12T22:00:00,1.03
15695,23,2025-02-12T23:00:00,1.05
15696,23,2025-02-13T00:00:00,0.96
15697,23,2025-02-13T01:00:00,0.96
15698,23,2025-02-13T02:00:00,0.9
15699,23,2025-02-13T03:00:00,0.95
15700,23,2025-02-13T04:00:00,1.07
15701,23,2025-02-13T05:00:00,1.05
15702,23,2025-02-13T06:00:00,1.08
15703,23,2025-02-13T07:00:00,1.03
15704,23,2025-02-13T08:00:00,0.73
15705,23,2025-02-13T09:00:00,0.61
15706,23,2025-02-13T10:00:00,0.8
15707,23,2025-02-13T11:00:00,0.46
15708,23,2025-02-13T12:00:00,-0.06
15709,23,2025-02-13T13:00:00,-0.51
15710,23,2025-02-13T14:00:00,-0.81
15711,23,2025-02-13T15:00:00,-1.1
15712,23,2025-02-13T16:00:00,-1.44
15713,23,2025-02-13T17:00:00,-1.92
15714,23,2025-02-13T18:00:00,-2.3
15715,23,2025-02-13T19:00:00,-2.56
15716,23,2025-02-13T20:00:00,-2.81
15717,23,2025-02-13T21:00:00,-3.07
15718,23,2025-02-13T22:00:00,-3.13
15719,23,2025-02-13T23:00:00,-3.2
15720,23,2025-02-14T00:00:00,-3.32
15721,23,2025-02-14T01:00:00,-3.71
15722,23,2025-02-14T02:00:00,-3.94
15723,23,2025-02-14T03:00:00,-3.87
15724,23,2025-02-14T04:00:00,-4.03
15725,23,2025-02-14T05:00:00,-4.28
15726,23,2025-02-14T06:00:00,-4.67
15727,23,2025-02-14T07:00:00,-4.68
15728,23,2025-02-14T08:00:00,-3.98
15729,23,2025-02-14T09:00:00,-3.23
15730,23,2025-02-14T10:00:00,-2.43
15731,23,2025-02-14T11:00:00,-1.7
15732,23,2025-02-14T12:00:00,-1.08
15733,23,2025-02-14T13:00:00,-0.75
15734,23,2025-02-14T14:00:00,-0.62
15735,23,2025-02-14T15:00:00,-0.72
15736,23,2025-02-14T16:00:00,-0.75
15737,23,2025-02-14T17:00:00,-0.99
15738,23,2025-02-14T18:00:00,-1.23
15739,23,2025-02-14T19:00:00,-1.25
15740,23,2025-02-14T20:00:00,-1.25
15741,23,2025-02-14T21:00:00,-1.33
15742,23,2025-02-14T22:00:00,-1.38
15743,23,2025-02-14T23:00:00,-1.45
15744,23,2025-02-15T00:00:00,-1.49
15745,23,2025-02-15T01:00:00,-1.41
15746,23,2025-02-15T02:00:00,-1.42
15747,23,2025-02-15T03:00:00,-1.48
15748,23,2025-02-15T04:00:00,-1.59
15749,23,2025-02-15T05:00:00,-1.81
15750,23,2025-02-15T06:00:00,-1.98
15751,23,2025-02-15T07:00:00,-2.13
15752,23,2025-02-15T08:00:00,-2.03
15753,23,2025-02-15T09:00:00,-1.68
15754,23,2025-02-15T10:00:00,-1.26
15755,23,2025-02-15T11:00:00,-0.9
15756,23,2025-02-15T12:00:00,-0.44
15757,23,2025-02-15T13:00:00,-0.2
15758,23,2025-02-15T14:00:00,-0.12
15759,23,2025-02-15T15:00:00,-0.13
15760,23,2025-02-15T16:00:00,-0.39
15761,23,2025-02-15T17:00:00,-0.8
15762,23,2025-02-15T18:00:00,-1.2
15763,23,2025-02-15T19:00:00,-1.43
15764,23,2025-02-15T20:00:00,-1.55
15765,23,2025-02-15T21:00:00,-1.63
15766,23,2025-02-15T22:00:00,-1.78
15767,23,2025-02-15T23:00:00,-1.91
15768,23,2025-02-16T00:00:00,-1.97
15769,23,2025-02-16T01:00:00,-2.0
15770,23,2025-02-16T02:00:00,-2.46
15771,23,2025-02-16T03:00:00,-2.76
15772,23,2025-02-16T04:00:00,-2.83
15773,23,2025-02-16T05:00:00,-2.84
15774,23,2025-02-16T06:00:00,-2.91
15775,23,2025-02-16T07:00:00,-3.06
15776,23,2025-02-16T08:00:00,-3.02
15777,23,2025-02-16T09:00:00,-2.51
15778,23,2025-02-16T10:00:00,-1.77
15779,23,2025-02-16T11:00:00,-0.85
15780,23,2025-02-16T12:00:00,-0.02
15781,23,2025-02-16T13:00:00,0.57
15782,23,2025-02-16T14:00:00,0.68
15783,23,2025-02-16T15:00:00,0.78
15784,23,2025-02-16T16:00:00,0.61
15785,23,2025-02-16T17:00:00,-0.06
15786,23,2025-02-16T18:00:00,-1.01
15787,23,2025-02-16T19:00:00,-1.83
15788,23,2025-02-16T20:00:00,-2.27
15789,23,2025-02-16T21:00:00,-2.64
15790,23,2025-02-16T22:00:00,-2.88
15791,23,2025-02-16T23:00:00,-3.4
15792,23,2025-02-17T00:00:00,-3.71
15793,23,2025-02-17T01:00:00,-3.93
15794,23,2025-02-17T02:00:00,-4.25
15795,23,2025-02-17T03:00:00,-4.5
15796,23,2025-02-17T04:00:00,-4.83
15797,23,2025-02-17T05:00:00,-4.96
15798,23,2025-02-17T06:00:00,-5.2
15799,23,2025-02-17T07:00:00,-5.38
15800,23,2025-02-17T08:00:00,-4.58
15801,23,2025-02-17T09:00:00,-3.07
15802,23,2025-02-17T10:00:00,-1.37
15803,23,2025-02-17T11:00:00,-0.02
15804,23,2025-02-17T12:00:00,1.22
15805,23,2025-02-17T13:00:00,2.05
15806,23,2025-02-17T14:00:00,2.53
15807,23,2025-02-17T15:00:00,2.26
15808,23,2025-02-17T16:00:00,1.59
15809,23,2025-02-17T17:00:00,0.27
15810,23,2025-02-17T18:00:00,-0.94
15811,23,2025-02-17T19:00:00,-1.87
15812,23,2025-02-17T20:00:00,-2.3
15813,23,2025-02-17T21:00:00,-2.61
15814,23,2025-02-17T22:00:00,-3.29
15815,23,2025-02-17T23:00:00,-4.19
15816,23,2025-02-18T00:00:00,-4.28
15817,23,2025-02-18T01:00:00,-4.28
15818,23,2025-02-18T02:00:00,-5.2
15819,23,2025-02-18T03:00:00,-5.47
15820,23,2025-02-18T04:00:00,-5.01
15821,23,2025-02-18T05:00:00,-4.82
15822,23,2025-02-18T06:00:00,-5.07
15823,23,2025-02-18T07:00:00,-5.26
15824,23,2025-02-18T08:00:00,-4.45
15825,23,2025-02-18T09:00:00,-3.15
15826,23,2025-02-18T10:00:00,-1.34
15827,23,2025-02-18T11:00:00,0.04
15828,23,2025-02-18T12:00:00,1.28
15829,23,2025-02-18T13:00:00,2.51
15830,23,2025-02-18T14:00:00,3.1
15831,23,2025-02-18T15:00:00,3.07
15832,23,2025-02-18T16:00:00,2.3
15833,23,2025-02-18T17:00:00,0.91
15834,23,2025-02-18T18:00:00,-0.3
15835,23,2025-02-18T19:00:00,-0.97
15836,23,2025-02-18T20:00:00,-1.43
15837,23,2025-02-18T21:00:00,-1.95
15838,23,2025-02-18T22:00:00,-2.2
15839,23,2025-02-18T23:00:00,-2.38
15840,23,2025-02-19T00:00:00,-2.46
15841,23,2025-02-19T01:00:00,-2.64
15842,23,2025-02-19T02:00:00,-2.72
15843,23,2025-02-19T03:00:00,-2.92
15844,23,2025-02-19T04:00:00,-2.91
15845,23,2025-02-19T05:00:00,-3.01
15846,23,2025-02-19T06:00:00,-3.01
15847,23,2025-02-19T07:00:00,-2.76
15848,23,2025-02-19T08:00:00,-2.27
15849,23,2025-02-19T09:00:00,-1.29
15850,23,2025-02-19T10:00:00,0.22
15851,23,2025-02-19T11:00:00,1.87
15852,23,2025-02-19T12:00:00,3.26
15853,23,2025-02-19T13:00:00,4.88
15854,23,2025-02-19T14:00:00,5.72
15855,23,2025-02-19T15:00:00,5.56
15856,23,2025-02-19T16:00:00,4.82
15857,23,2025-02-19T17:00:00,3.43
15858,23,2025-02-19T18:00:00,2.28
15859,23,2025-02-19T19:00:00,1.75
15860,23,2025-02-19T20:00:00,1.34
15861,23,2025-02-19T21:00:00,1.29
15862,23,2025-02-19T22:00:00,1.34
15863,23,2025-02-19T23:00:00,1.02
15864,23,2025-02-20T00:00:00,0.74
15865,23,2025-02-20T01:00:00,0.88
15866,23,2025-02-20T02:00:00,0.92
15867,23,2025-02-20T03:00:00,1.53
15868,23,2025-02-20T04:00:00,1.92
15869,23,2025-02-20T05:00:00,2.71
15870,23,2025-02-20T06:00:00,3.84
15871,23,2025-02-20T07:00:00,4.24
15872,23,2025-02-20T08:00:00,4.57
15873,23,2025-02-20T09:00:00,5.19
15874,23,2025-02-20T10:00:00,6.01
15875,23,2025-02-20T11:00:00,7.36
15876,23,2025-02-20T12:00:00,8.68
15877,23,2025-02-20T13:00:00,9.23
15878,23,2025-02-20T14:00:00,9.36
15879,23,2025-02-20T15:00:00,9.1
15880,23,2025-02-20T16:00:00,8.61
15881,23,2025-02-20T17:00:00,8.26
15882,23,2025-02-20T18:00:00,8.24
15883,23,2025-02-20T19:00:00,8.18
15884,23,2025-02-20T20:00:00,8.01
15885,23,2025-02-20T21:00:00,8.18
15886,23,2025-02-20T22:00:00,8.49
15887,23,2025-02-20T23:00:00,8.65
15888,23,2025-02-21T00:00:00,8.76
15889,23,2025-02-21T01:00:00,8.82
15890,23,2025-02-21T02:00:00,8.89
15891,23,2025-02-21T03:00:00,8.68
15892,23,2025-02-21T04:00:00,8.61
15893,23,2025-02-21T05:00:00,9.04
15894,23,2025-02-21T06:00:00,9.25
15895,23,2025-02-21T07:00:00,9.39
15896,23,2025-02-21T08:00:00,9.54
15897,23,2025-02-21T09:00:00,9.77
15898,23,2025-02-21T10:00:00,10.47
15899,23,2025-02-21T11:00:00,11.55
15900,23,2025-02-21T12:00:00,13.53
15901,23,2025-02-21T13:00:00,14.69
15902,23,2025-02-21T14:00:00,15.07
15903,23,2025-02-21T15:00:00,15.31
15904,23,2025-02-21T16:00:00,14.36
15905,23,2025-02-21T17:00:00,13.17
15906,23,2025-02-21T18:00:00,11.9
15907,23,2025-02-21T19:00:00,10.96
15908,23,2025-02-21T20:00:00,11.36
15909,23,2025-02-21T21:00:00,10.99
15910,23,2025-02-21T22:00:00,10.69
15911,23,2025-02-21T23:00:00,10.25
15912,23,2025-02-22T00:00:00,9.89
15913,23,2025-02-22T01:00:00,9.58
15914,23,2025-02-22T02:00:00,9.32
15915,23,2025-02-22T03:00:00,9.0
15916,23,2025-02-22T04:00:00,8.71
15917,23,2025-02-22T05:00:00,8.41
15918,23,2025-02-22T06:00:00,8.08
15919,23,2025-02-22T07:00:00,7.82
15920,23,2025-02-22T08:00:00,7.92
15921,23,2025-02-22T09:00:00,8.31
15922,23,2025-02-22T10:00:00,8.82
15923,23,2025-02-22T11:00:00,9.46
15924,23,2025-02-22T12:00:00,10.13
15925,23,2025-02-22T13:00:00,10.55
15926,23,2025-02-22T14:00:00,10.24
15927,23,2025-02-22T15:00:00,10.07
15928,23,2025-02-22T16:00:00,9.59
15929,23,2025-02-22T17:00:00,9.2
15930,23,2025-02-22T18:00:00,8.54
15931,23,2025-02-22T19:00:00,8.14
15932,23,2025-02-22T20:00:00,7.83
15933,23,2025-02-22T21:00:00,7.6
15934,23,2025-02-22T22:00:00,7.58
15935,23,2025-02-22T23:00:00,7.33
15936,23,2025-02-23T00:00:00,6.84
15937,23,2025-02-23T01:00:00,6.19
15938,23,2025-02-23T02:00:00,5.84
15939,23,2025-02-23T03:00:00,5.52
15940,23,2025-02-23T04:00:00,5.11
15941,23,2025-02-23T05:00:00,4.67
15942,23,2025-02-23T06:00:00,4.42
15943,23,2025-02-23T07:00:00,4.65
15944,23,2025-02-23T08:00:00,5.19
15945,23,2025-02-23T09:00:00,6.22
15946,23,2025-02-23T10:00:00,7.51
15947,23,2025-02-23T11:00:00,8.46
15948,23,2025-02-23T12:00:00,9.5
15949,23,2025-02-23T13:00:00,10.74
15950,23,2025-02-23T14:00:00,11.41
15951,23,2025-02-23T15:00:00,11.39
15952,23,2025-02-23T16:00:00,11.42
15953,23,2025-02-23T17:00:00,10.46
15954,23,2025-02-23T18:00:00,8.71
15955,23,2025-02-23T19:00:00,7.89
15956,23,2025-02-23T20:00:00,7.92
15957,23,2025-02-23T21:00:00,8.15
15958,23,2025-02-23T22:00:00,8.45
15959,23,2025-02-23T23:00:00,8.69
15960,23,2025-02-24T00:00:00,8.85
15961,23,2025-02-24T01:00:00,8.64
15962,23,2025-02-24T02:00:00,8.6
15963,23,2025-02-24T03:00:00,8.48
15964,23,2025-02-24T04:00:00,8.26
15965,23,2025-02-24T05:00:00,8.27
15966,23,2025-02-24T06:00:00,8.37
15967,23,2025-02-24T07:00:00,8.34
15968,23,2025-02-24T08:00:00,8.4
15969,23,2025-02-24T09:00:00,8.58
15970,23,2025-02-24T10:00:00,9.04
15971,23,2025-02-24T11:00:00,9.59
15972,23,2025-02-24T12:00:00,10.08
15973,23,2025-02-24T13:00:00,10.49
15974,23,2025-02-24T14:00:00,10.33
15975,23,2025-02-24T15:00:00,9.54
15976,23,2025-02-24T16:00:00,8.65
15977,23,2025-02-24T17:00:00,8.32
15978,23,2025-02-24T18:00:00,8.2
15979,23,2025-02-24T19:00:00,8.1
15980,23,2025-02-24T20:00:00,7.98
15981,23,2025-02-24T21:00:00,7.38
15982,23,2025-02-24T22:00:00,6.85
15983,23,2025-02-24T23:00:00,6.49
15984,23,2025-02-25T00:00:00,6.3
15985,23,2025-02-25T01:00:00,6.21
15986,23,2025-02-25T02:00:00,5.7
15987,23,2025-02-25T03:00:00,5.41
15988,23,2025-02-25T04:00:00,4.98
15989,23,2025-02-25T05:00:00,4.57
15990,23,2025-02-25T06:00:00,4.39
15991,23,2025-02-25T07:00:00,4.57
15992,23,2025-02-25T08:00:00,5.11
15993,23,2025-02-25T09:00:00,5.93
15994,23,2025-02-25T10:00:00,6.9
15995,23,2025-02-25T11:00:00,8.42
15996,23,2025-02-25T12:00:00,9.02
15997,23,2025-02-25T13:00:00,9.22
15998,23,2025-02-25T14:00:00,9.18
15999,23,2025-02-25T15:00:00,8.79
16000,23,2025-02-25T16:00:00,8.39
16001,23,2025-02-25T17:00:00,7.76
16002,23,2025-02-25T18:00:00,7.3
16003,23,2025-02-25T19:00:00,6.89
16004,23,2025-02-25T20:00:00,6.4
16005,23,2025-02-25T21:00:00,6.15
16006,23,2025-02-25T22:00:00,5.88
16007,23,2025-02-25T23:00:00,5.56
16008,23,2025-02-26T00:00:00,5.47
16009,23,2025-02-26T01:00:00,5.12
16010,23,2025-02-26T02:00:00,4.57
16011,23,2025-02-26T03:00:00,3.88
16012,23,2025-02-26T04:00:00,3.06
16013,23,2025-02-26T05:00:00,2.67
16014,23,2025-02-26T06:00:00,2.57
16015,23,2025-02-26T07:00:00,2.46
16016,23,2025-02-26T08:00:00,2.59
16017,23,2025-02-26T09:00:00,3.22
16018,23,2025-02-26T10:00:00,3.9
16019,23,2025-02-26T11:00:00,5.07
16020,23,2025-02-26T12:00:00,6.23
16021,23,2025-02-26T13:00:00,6.71
16022,23,2025-02-26T14:00:00,7.47
16023,23,2025-02-26T15:00:00,7.24
16024,23,2025-02-26T16:00:00,6.43
16025,23,2025-02-26T17:00:00,5.43
16026,23,2025-02-26T18:00:00,4.86
16027,23,2025-02-26T19:00:00,4.83
16028,23,2025-02-26T20:00:00,4.74
16029,23,2025-02-26T21:00:00,4.35
16030,23,2025-02-26T22:00:00,4.03
16031,23,2025-02-26T23:00:00,3.83
16032,23,2025-02-27T00:00:00,3.73
16033,23,2025-02-27T01:00:00,3.73
16034,23,2025-02-27T02:00:00,3.76
16035,23,2025-02-27T03:00:00,3.49
16036,23,2025-02-27T04:00:00,2.94
16037,23,2025-02-27T05:00:00,2.83
16038,23,2025-02-27T06:00:00,2.68
16039,23,2025-02-27T07:00:00,2.41
16040,23,2025-02-27T08:00:00,2.66
16041,23,2025-02-27T09:00:00,3.24
16042,23,2025-02-27T10:00:00,4.08
16043,23,2025-02-27T11:00:00,4.91
16044,23,2025-02-27T12:00:00,4.58
16045,23,2025-02-27T13:00:00,3.75
16046,23,2025-02-27T14:00:00,3.3
16047,23,2025-02-27T15:00:00,3.81
16048,23,2025-02-27T16:00:00,3.33
16049,23,2025-02-27T17:00:00,3.13
16050,23,2025-02-27T18:00:00,2.8
16051,23,2025-02-27T19:00:00,2.77
16052,23,2025-02-27T20:00:00,2.53
16053,23,2025-02-27T21:00:00,2.55
16054,23,2025-02-27T22:00:00,2.79
16055,23,2025-02-27T23:00:00,2.79
16056,23,2025-02-28T00:00:00,2.63
16057,23,2025-02-28T01:00:00,2.45
16058,23,2025-02-28T02:00:00,2.27
16059,23,2025-02-28T03:00:00,2.23
16060,23,2025-02-28T04:00:00,2.19
16061,23,2025-02-28T05:00:00,2.14
16062,23,2025-02-28T06:00:00,2.12
16063,23,2025-02-28T07:00:00,2.02
16064,23,2025-02-28T08:00:00,2.05
16065,23,2025-02-28T09:00:00,2.36
16066,23,2025-02-28T10:00:00,2.65
16067,23,2025-02-28T11:00:00,3.08
16068,23,2025-02-28T12:00:00,3.6
16069,23,2025-02-28T13:00:00,3.2
16070,23,2025-02-28T14:00:00,3.61
16071,23,2025-02-28T15:00:00,3.8
16072,23,2025-02-28T16:00:00,3.7
16073,23,2025-02-28T17:00:00,3.39
16074,23,2025-02-28T18:00:00,2.68
16075,23,2025-02-28T19:00:00,2.26
16076,23,2025-02-28T20:00:00,1.99
16077,23,2025-02-28T21:00:00,1.24
16078,23,2025-02-28T22:00:00,0.91
